chain, residue_label, residue_name, score, zscore, probability, pocket
A,    1, GLY,  0.4987,  -0.1015,   0.0357, 0
A,    2, SER,  0.4343,  -0.1374,   0.0276, 0
A,    3, SER,  0.1454,  -0.2984,   0.0041, 0
A,    4, GLY,  0.3232,  -0.1993,   0.0160, 0
A,    5, SER,  0.4330,  -0.1381,   0.0274, 0
A,    6, SER,  0.6241,  -0.0316,   0.0554, 0
A,    7, GLY,  0.6676,  -0.0074,   0.0633, 0
A,    8, TRP,  1.1001,   0.2338,   0.1682, 0
A,    9, ILE,  0.6158,  -0.0362,   0.0539, 0
A,   10, LEU,  0.3569,  -0.1805,   0.0191, 0
A,   11, ALA,  0.1838,  -0.2770,   0.0060, 0
A,   12, SER,  0.2473,  -0.2416,   0.0099, 0
A,   13, THR,  0.3762,  -0.1697,   0.0210, 0
A,   14, THR,  0.2089,  -0.2630,   0.0074, 0
A,   15, GLU,  0.4498,  -0.1287,   0.0294, 0
A,   16, GLY,  0.5899,  -0.0507,   0.0496, 0
A,   17, ALA,  0.9642,   0.1580,   0.1316, 0
A,   18, PRO,  1.0237,   0.1911,   0.1473, 0
A,   19, SER,  0.7259,   0.0252,   0.0751, 0
A,   20, VAL,  0.6257,  -0.0307,   0.0557, 0
A,   21, ALA,  0.1731,  -0.2830,   0.0054, 0
A,   22, PRO,  0.2161,  -0.2590,   0.0078, 0
A,   23, LEU,  0.2683,  -0.2299,   0.0114, 0
A,   24, ASN,  0.2872,  -0.2194,   0.0129, 0
A,   25, VAL,  0.4110,  -0.1504,   0.0248, 0
A,   26, THR,  0.4453,  -0.1312,   0.0289, 0
A,   27, VAL,  1.1773,   0.2768,   0.1899, 0
A,   28, PHE,  0.6449,  -0.0200,   0.0591, 0
A,   29, LEU,  1.9474,   0.7060,   0.4005, 0
A,   30, ASN,  1.6081,   0.5169,   0.3125, 0
A,   31, GLU,  1.5218,   0.4688,   0.2887, 0
A,   32, SER,  0.9786,   0.1660,   0.1353, 0
A,   33, SER,  1.4445,   0.4257,   0.2668, 0
A,   34, ASP,  1.7988,   0.6232,   0.3633, 0
A,   35, ASN,  1.4013,   0.4017,   0.2542, 0
A,   36, VAL,  1.0607,   0.2118,   0.1573, 0
A,   37, ASP,  0.5682,  -0.0627,   0.0461, 0
A,   38, ILE,  1.0751,   0.2198,   0.1613, 0
A,   39, ARG,  0.5517,  -0.0720,   0.0435, 0
A,   40, TRP,  0.6895,   0.0048,   0.0676, 0
A,   41, MET,  0.6941,   0.0074,   0.0685, 0
A,   42, LYS,  1.1275,   0.2490,   0.1759, 0
A,   43, PRO,  0.8235,   0.0795,   0.0967, 0
A,   44, PRO,  0.6584,  -0.0125,   0.0616, 0
A,   45, THR,  0.6981,   0.0097,   0.0693, 0
A,   46, LYS,  0.5390,  -0.0790,   0.0416, 0
A,   47, GLN,  0.6273,  -0.0298,   0.0560, 0
A,   48, GLN,  0.3269,  -0.1972,   0.0163, 0
A,   49, ASP,  1.0745,   0.2195,   0.1611, 0
A,   50, GLY,  0.5597,  -0.0675,   0.0448, 0
A,   51, GLU,  0.7143,   0.0187,   0.0726, 0
A,   52, LEU,  0.8655,   0.1030,   0.1066, 0
A,   53, VAL,  1.0831,   0.2243,   0.1635, 0
A,   54, GLY,  0.6169,  -0.0356,   0.0541, 0
A,   55, TYR,  1.2237,   0.3026,   0.2030, 0
A,   56, ARG,  1.0851,   0.2254,   0.1640, 0
A,   57, ILE,  0.2290,  -0.2518,   0.0087, 0
A,   58, SER,  1.0273,   0.1932,   0.1483, 0
A,   59, HIS,  1.3614,   0.3794,   0.2425, 0
A,   60, VAL,  0.9823,   0.1681,   0.1363, 0
A,   61, TRP,  1.3000,   0.3451,   0.2249, 0
A,   62, GLN,  0.8166,   0.0757,   0.0950, 0
A,   63, SER,  0.4711,  -0.1169,   0.0320, 0
A,   64, ALA,  0.2014,  -0.2672,   0.0069, 0
A,   65, GLY,  0.0847,  -0.3322,   0.0019, 0
A,   66, ILE,  0.2334,  -0.2493,   0.0090, 0
A,   67, SER,  0.1556,  -0.2927,   0.0046, 0
A,   68, LYS,  0.2904,  -0.2176,   0.0132, 0
A,   69, GLU,  0.6219,  -0.0328,   0.0550, 0
A,   70, LEU,  0.4404,  -0.1340,   0.0283, 0
A,   71, LEU,  0.9307,   0.1393,   0.1230, 0
A,   72, GLU,  0.4401,  -0.1342,   0.0283, 0
A,   73, GLU,  0.5804,  -0.0559,   0.0481, 0
A,   74, VAL,  0.7705,   0.0500,   0.0846, 0
A,   75, GLY,  0.7079,   0.0151,   0.0713, 0
A,   76, GLN,  1.2833,   0.3359,   0.2201, 0
A,   77, ASN,  0.4999,  -0.1008,   0.0359, 0
A,   78, GLY,  0.6473,  -0.0187,   0.0595, 0
A,   79, SER,  0.8899,   0.1165,   0.1126, 0
A,   80, ARG,  0.9778,   0.1655,   0.1351, 0
A,   81, ALA,  0.6373,  -0.0242,   0.0578, 0
A,   82, ARG,  1.3714,   0.3849,   0.2454, 0
A,   83, ILE,  1.3756,   0.3873,   0.2466, 0
A,   84, SER,  0.7392,   0.0326,   0.0778, 0
A,   85, VAL,  2.1206,   0.8026,   0.4410, 0
A,   86, GLN,  1.0723,   0.2183,   0.1606, 0
A,   87, VAL,  0.6594,  -0.0119,   0.0618, 0
A,   88, HIS,  2.0114,   0.7417,   0.4161, 0
A,   89, ASN,  0.9935,   0.1743,   0.1392, 0
A,   90, ALA,  0.3857,  -0.1645,   0.0220, 0
A,   91, THR,  0.5960,  -0.0472,   0.0506, 0
A,   92, CYS,  0.9419,   0.1456,   0.1258, 0
A,   93, THR,  1.2120,   0.2961,   0.1997, 0
A,   94, VAL,  1.0997,   0.2335,   0.1681, 0
A,   95, ARG,  1.0436,   0.2023,   0.1526, 0
A,   96, ILE,  0.0890,  -0.3299,   0.0020, 0
A,   97, ALA,  0.0496,  -0.3518,   0.0010, 0
A,   98, ALA,  0.0000,  -0.3795,   0.0002, 0
A,   99, VAL,  0.9121,   0.1289,   0.1182, 0
A,  100, THR,  0.7532,   0.0404,   0.0808, 0
A,  101, ARG,  0.8264,   0.0812,   0.0974, 0
A,  102, GLY,  0.8965,   0.1202,   0.1143, 0
A,  103, GLY,  0.8324,   0.0845,   0.0988, 0
A,  104, VAL,  0.7267,   0.0256,   0.0753, 0
A,  105, GLY,  0.2208,  -0.2564,   0.0081, 0
A,  106, PRO,  0.2726,  -0.2275,   0.0118, 0
A,  107, PHE,  1.0288,   0.1940,   0.1487, 0
A,  108, SER,  0.2943,  -0.2154,   0.0135, 0
A,  109, ASP,  0.3050,  -0.2095,   0.0144, 0
A,  110, PRO,  0.6045,  -0.0425,   0.0520, 0
A,  111, VAL,  0.7014,   0.0115,   0.0699, 0
A,  112, LYS,  0.4869,  -0.1080,   0.0341, 0
A,  113, ILE,  1.0164,   0.1871,   0.1454, 0
A,  114, PHE,  0.7995,   0.0662,   0.0910, 0
A,  115, ILE,  1.7993,   0.6235,   0.3635, 0
A,  116, PRO,  1.4223,   0.4133,   0.2603, 0
A,  117, ALA,  1.2319,   0.3072,   0.2053, 0
A,  118, HIS,  1.7991,   0.6233,   0.3634, 0
A,  119, SER,  0.4429,  -0.1326,   0.0286, 0
A,  120, GLY,  0.2527,  -0.2386,   0.0103, 0
A,  121, PRO,  0.2491,  -0.2406,   0.0100, 0
A,  122, SER,  0.1899,  -0.2736,   0.0063, 0
A,  123, SER,  0.2166,  -0.2588,   0.0079, 0
A,  124, GLY,  0.0907,  -0.3289,   0.0020, 0
