chain, residue_label, residue_name, score, zscore, probability, pocket
A,    1, MET,  0.0437,  -0.3551,   0.0009, 0
A,    2, ARG,  0.0262,  -0.3648,   0.0006, 0
A,    3, GLU,  0.0372,  -0.3587,   0.0008, 0
A,    4, TYR,  0.0110,  -0.3733,   0.0004, 0
A,    5, LYS,  0.0784,  -0.3358,   0.0017, 4
A,    6, LEU,  0.0000,  -0.3795,   0.0002, 0
A,    7, VAL,  0.0004,  -0.3792,   0.0002, 0
A,    8, VAL,  0.1822,  -0.2779,   0.0059, 0
A,    9, LEU,  0.6618,  -0.0106,   0.0622, 0
A,   10, GLY,  0.9276,   0.1376,   0.1222, 3
A,   11, SER,  2.2186,   0.8572,   0.4633, 3
A,   12, GLY,  2.8138,   1.1890,   0.5801, 1
A,   13, GLY,  4.7770,   2.2832,   0.8088, 1
A,   14, VAL,  4.7014,   2.2411,   0.8030, 1
A,   15, GLY,  4.9839,   2.3985,   0.8237, 1
A,   16, LYS,  4.9058,   2.3551,   0.8183, 1
A,   17, SER,  4.9878,   2.4007,   0.8240, 1
A,   18, ALA,  5.3562,   2.6061,   0.8471, 1
A,   19, LEU,  1.5779,   0.5001,   0.3042, 0
A,   20, THR,  0.1454,  -0.2984,   0.0041, 0
A,   21, VAL,  1.2959,   0.3429,   0.2237, 2
A,   22, GLN,  0.0854,  -0.3319,   0.0019, 0
A,   23, PHE,  0.1791,  -0.2796,   0.0057, 0
A,   24, VAL,  0.4419,  -0.1332,   0.0285, 0
A,   25, GLN,  0.4564,  -0.1251,   0.0302, 0
A,   26, GLY,  0.0734,  -0.3386,   0.0016, 0
A,   27, ILE,  0.0419,  -0.3561,   0.0009, 0
A,   28, PHE,  1.2343,   0.3085,   0.2060, 1
A,   29, VAL,  3.0235,   1.3059,   0.6149, 1
A,   30, ASP,  0.3346,  -0.1930,   0.0170, 1
A,   31, GLU,  1.7257,   0.5824,   0.3444, 1
A,   32, TYR,  4.1359,   1.9259,   0.7550, 1
A,   33, ASP,  2.1474,   0.8175,   0.4471, 1
A,   34, PRO,  0.7570,   0.0425,   0.0816, 1
A,   35, THR,  2.6419,   1.0931,   0.5491, 1
A,   36, ILE,  0.5285,  -0.0849,   0.0401, 0
A,   37, GLU,  0.7013,   0.0114,   0.0699, 4
A,   38, ASP,  1.2551,   0.3201,   0.2120, 2
A,   39, SER,  0.0681,  -0.3415,   0.0014, 4
A,   40, TYR,  1.5871,   0.5052,   0.3067, 2
A,   41, ARG,  0.5046,  -0.0982,   0.0365, 0
A,   42, LYS,  0.4691,  -0.1180,   0.0318, 0
A,   43, GLN,  0.0698,  -0.3406,   0.0015, 0
A,   44, VAL,  0.1077,  -0.3194,   0.0026, 0
A,   45, GLU,  0.1643,  -0.2879,   0.0050, 0
A,   46, VAL,  0.0404,  -0.3570,   0.0008, 0
A,   47, ASP,  0.0515,  -0.3508,   0.0010, 0
A,   48, CYS,  0.0288,  -0.3634,   0.0006, 0
A,   49, GLN,  0.0217,  -0.3674,   0.0005, 0
A,   50, GLN,  0.0188,  -0.3690,   0.0005, 0
A,   51, CYS,  0.0031,  -0.3777,   0.0003, 0
A,   52, MET,  0.0380,  -0.3583,   0.0008, 0
A,   53, LEU,  0.0007,  -0.3791,   0.0002, 0
A,   54, GLU,  0.0894,  -0.3297,   0.0020, 0
A,   55, ILE,  0.0007,  -0.3791,   0.0002, 0
A,   56, LEU,  0.2814,  -0.2226,   0.0125, 4
A,   57, ASP,  1.8251,   0.6378,   0.3701, 0
A,   58, THR,  1.7003,   0.5683,   0.3377, 1
A,   59, ALA,  1.3940,   0.3976,   0.2520, 1
A,   60, GLY,  1.0708,   0.2174,   0.1602, 1
A,   61, THR,  0.7837,   0.0574,   0.0875, 3
A,   62, GLU,  0.0078,  -0.3751,   0.0003, 0
A,   63, GLN,  0.3067,  -0.2085,   0.0145, 0
A,   64, PHE,  1.1375,   0.2546,   0.1786, 3
A,   65, THR,  0.2639,  -0.2324,   0.0111, 3
A,   66, ALA,  0.0188,  -0.3690,   0.0005, 0
A,   67, MET,  0.3640,  -0.1766,   0.0198, 4
A,   68, ARG,  0.6982,   0.0097,   0.0693, 3
A,   69, ASP,  0.0147,  -0.3713,   0.0004, 0
A,   70, LEU,  0.0710,  -0.3399,   0.0015, 4
A,   71, TYR,  0.7160,   0.0196,   0.0730, 4
A,   72, MET,  0.0042,  -0.3771,   0.0003, 0
A,   73, LYS,  0.0352,  -0.3598,   0.0007, 0
A,   74, ASN,  0.0487,  -0.3523,   0.0010, 4
A,   75, GLY,  0.0346,  -0.3602,   0.0007, 0
A,   76, GLN,  0.0488,  -0.3523,   0.0010, 0
A,   77, GLY,  0.0076,  -0.3752,   0.0003, 0
A,   78, PHE,  0.0043,  -0.3771,   0.0003, 0
A,   79, ALA,  0.1454,  -0.2984,   0.0041, 0
A,   80, LEU,  0.0000,  -0.3795,   0.0002, 0
A,   81, VAL,  0.1454,  -0.2984,   0.0041, 0
A,   82, TYR,  0.0363,  -0.3592,   0.0007, 0
A,   83, SER,  0.1464,  -0.2978,   0.0042, 0
A,   84, ILE,  0.0542,  -0.3492,   0.0011, 0
A,   85, THR,  0.1749,  -0.2820,   0.0055, 0
A,   86, ALA,  0.1015,  -0.3229,   0.0024, 0
A,   87, GLN,  0.0256,  -0.3652,   0.0006, 0
A,   88, SER,  0.0416,  -0.3563,   0.0008, 0
A,   89, THR,  0.1514,  -0.2951,   0.0044, 0
A,   90, PHE,  0.0795,  -0.3352,   0.0017, 0
A,   91, ASN,  0.0759,  -0.3372,   0.0016, 0
A,   92, ASP,  0.1648,  -0.2876,   0.0050, 3
A,   93, LEU,  0.1731,  -0.2830,   0.0054, 0
A,   94, GLN,  0.0669,  -0.3422,   0.0014, 0
A,   95, ASP,  0.0255,  -0.3652,   0.0006, 0
A,   96, LEU,  0.6837,   0.0016,   0.0665, 3
A,   97, ARG,  0.6032,  -0.0432,   0.0518, 0
A,   98, GLU,  0.0518,  -0.3506,   0.0011, 0
A,   99, GLN,  0.0167,  -0.3702,   0.0004, 0
A,  100, ILE,  0.0002,  -0.3794,   0.0002, 0
A,  101, LEU,  0.3021,  -0.2111,   0.0141, 0
A,  102, ARG,  0.0148,  -0.3712,   0.0004, 0
A,  103, VAL,  0.0060,  -0.3761,   0.0003, 0
A,  104, LYS,  0.0369,  -0.3589,   0.0008, 0
A,  105, ASP,  0.0055,  -0.3764,   0.0003, 0
A,  106, THR,  0.0315,  -0.3619,   0.0007, 0
A,  107, GLU,  0.4943,  -0.1040,   0.0351, 0
A,  108, ASP,  0.5183,  -0.0905,   0.0385, 0
A,  109, VAL,  0.6020,  -0.0439,   0.0516, 0
A,  110, PRO,  0.4570,  -0.1247,   0.0303, 0
A,  111, MET,  0.5454,  -0.0755,   0.0426, 0
A,  112, ILE,  0.3204,  -0.2009,   0.0157, 0
A,  113, LEU,  0.0000,  -0.3795,   0.0002, 0
A,  114, VAL,  0.1454,  -0.2984,   0.0041, 0
A,  115, GLY,  0.0000,  -0.3795,   0.0002, 0
A,  116, ASN,  1.6246,   0.5261,   0.3170, 1
A,  117, LYS,  2.7974,   1.1798,   0.5773, 1
A,  118, CYS,  0.1677,  -0.2860,   0.0051, 0
A,  119, ASP,  0.1495,  -0.2961,   0.0043, 1
A,  120, LEU,  0.2122,  -0.2612,   0.0076, 1
A,  121, GLU,  0.0688,  -0.3411,   0.0014, 0
A,  122, ASP,  0.0031,  -0.3777,   0.0003, 0
A,  123, GLU,  0.0202,  -0.3682,   0.0005, 0
A,  124, ARG,  0.1622,  -0.2891,   0.0049, 0
A,  125, VAL,  0.0212,  -0.3677,   0.0005, 0
A,  126, VAL,  0.0462,  -0.3537,   0.0009, 0
A,  127, GLY,  0.0425,  -0.3558,   0.0009, 0
A,  128, LYS,  0.2059,  -0.2647,   0.0072, 0
A,  129, GLU,  0.0395,  -0.3574,   0.0008, 0
A,  130, GLN,  0.1025,  -0.3224,   0.0024, 0
A,  131, GLY,  0.0060,  -0.3761,   0.0003, 0
A,  132, GLN,  0.0502,  -0.3515,   0.0010, 0
A,  133, ASN,  0.0294,  -0.3631,   0.0006, 0
A,  134, LEU,  0.0635,  -0.3441,   0.0013, 0
A,  135, ALA,  0.0851,  -0.3320,   0.0019, 0
A,  136, ARG,  0.0484,  -0.3525,   0.0010, 0
A,  137, GLN,  0.1420,  -0.3003,   0.0040, 0
A,  138, TRP,  0.5478,  -0.0741,   0.0430, 0
A,  139, CYS,  0.6957,   0.0083,   0.0688, 0
A,  140, ASN,  0.5294,  -0.0844,   0.0402, 0
A,  141, CYS,  0.6294,  -0.0286,   0.0564, 0
A,  142, ALA,  0.6232,  -0.0321,   0.0553, 0
A,  143, PHE,  0.1523,  -0.2946,   0.0044, 0
A,  144, LEU,  0.1184,  -0.3135,   0.0030, 0
A,  145, GLU,  0.1622,  -0.2891,   0.0049, 0
A,  146, SER,  0.0694,  -0.3408,   0.0015, 0
A,  147, SER,  0.0803,  -0.3347,   0.0017, 0
A,  148, ALA,  0.7964,   0.0645,   0.0904, 0
A,  149, LYS,  0.6956,   0.0082,   0.0688, 1
A,  150, SER,  0.0277,  -0.3640,   0.0006, 0
A,  151, LYS,  0.0653,  -0.3430,   0.0014, 0
A,  152, ILE,  0.1652,  -0.2874,   0.0050, 0
A,  153, ASN,  0.1137,  -0.3161,   0.0028, 0
A,  154, VAL,  0.0297,  -0.3629,   0.0006, 0
A,  155, ASN,  0.2397,  -0.2459,   0.0094, 0
A,  156, GLU,  0.0877,  -0.3306,   0.0020, 0
A,  157, ILE,  0.1611,  -0.2897,   0.0048, 0
A,  158, PHE,  0.1454,  -0.2984,   0.0041, 0
A,  159, TYR,  0.2358,  -0.2480,   0.0091, 0
A,  160, ASP,  0.1096,  -0.3184,   0.0027, 0
A,  161, LEU,  0.0148,  -0.3712,   0.0004, 0
A,  162, VAL,  0.0023,  -0.3782,   0.0003, 0
A,  163, ARG,  0.1042,  -0.3214,   0.0025, 0
A,  164, GLN,  0.5302,  -0.0840,   0.0403, 0
A,  165, ILE,  0.0263,  -0.3648,   0.0006, 0
A,  166, ASN,  0.0172,  -0.3699,   0.0004, 0
A,  167, ARG,  0.2561,  -0.2367,   0.0105, 0
B,   56, ASN,  0.0373,  -0.3587,   0.0008, 0
B,   57, THR,  0.0874,  -0.3308,   0.0019, 0
B,   58, ILE,  0.0339,  -0.3606,   0.0007, 0
B,   59, ARG,  0.1619,  -0.2892,   0.0049, 0
B,   60, VAL,  0.0000,  -0.3795,   0.0002, 0
B,   61, PHE,  0.3221,  -0.2000,   0.0159, 0
B,   62, LEU,  0.0313,  -0.3620,   0.0007, 0
B,   63, PRO,  0.1759,  -0.2814,   0.0055, 0
B,   64, ASN,  0.5471,  -0.0745,   0.0428, 0
B,   65, LYS,  0.0698,  -0.3406,   0.0015, 0
B,   66, GLN,  0.5304,  -0.0838,   0.0404, 0
B,   67, ARG,  0.3624,  -0.1774,   0.0197, 4
B,   68, THR,  0.0936,  -0.3273,   0.0021, 0
B,   69, VAL,  0.0793,  -0.3353,   0.0017, 0
B,   70, VAL,  0.0559,  -0.3483,   0.0011, 0
B,   71, ARG,  0.1081,  -0.3192,   0.0026, 0
B,   72, VAL,  0.0252,  -0.3654,   0.0006, 0
B,   73, ARG,  0.1073,  -0.3196,   0.0026, 0
B,   74, ASN,  0.0292,  -0.3632,   0.0006, 0
B,   75, GLY,  0.0431,  -0.3554,   0.0009, 0
B,   76, MET,  0.1069,  -0.3199,   0.0026, 0
B,   77, SER,  0.0477,  -0.3529,   0.0010, 0
B,   78, LEU,  0.0019,  -0.3784,   0.0003, 0
B,   79, HIS,  0.1235,  -0.3106,   0.0032, 0
B,   80, ASP,  0.1339,  -0.3049,   0.0036, 0
B,   81, CYS,  0.0526,  -0.3501,   0.0011, 0
B,   82, LEU,  0.0343,  -0.3604,   0.0007, 0
B,   83, MET,  0.1571,  -0.2919,   0.0046, 0
B,   84, LYS,  0.4630,  -0.1214,   0.0310, 2
B,   85, LYS,  1.3480,   0.3719,   0.2386, 2
B,   86, LEU,  0.0043,  -0.3770,   0.0003, 0
B,   87, LYS,  0.1321,  -0.3058,   0.0035, 0
B,   88, VAL,  1.5980,   0.5113,   0.3097, 2
B,   89, ARG,  0.8270,   0.0815,   0.0975, 0
B,   90, GLY,  0.2003,  -0.2678,   0.0069, 0
B,   91, LEU,  0.2398,  -0.2458,   0.0094, 0
B,   92, GLN,  0.1112,  -0.3175,   0.0027, 0
B,   93, PRO,  0.0934,  -0.3274,   0.0021, 0
B,   94, GLU,  0.1221,  -0.3114,   0.0031, 0
B,   95, CYS,  0.2088,  -0.2631,   0.0074, 0
B,   96, CYS,  0.1627,  -0.2887,   0.0049, 0
B,   97, ALA,  0.0706,  -0.3401,   0.0015, 0
B,   98, VAL,  0.0199,  -0.3684,   0.0005, 0
B,   99, PHE,  0.0408,  -0.3567,   0.0008, 0
B,  100, ARG,  0.1618,  -0.2893,   0.0049, 0
B,  101, LEU,  0.3813,  -0.1669,   0.0216, 0
B,  102, LEU,  0.1346,  -0.3044,   0.0036, 0
B,  103, HIS,  0.2288,  -0.2519,   0.0086, 0
B,  104, GLU,  0.0544,  -0.3492,   0.0011, 0
B,  105, HIS,  0.0699,  -0.3405,   0.0015, 0
B,  106, LYS,  0.0268,  -0.3645,   0.0006, 0
B,  107, GLY,  0.0652,  -0.3431,   0.0014, 0
B,  108, LYS,  0.0536,  -0.3496,   0.0011, 0
B,  109, LYS,  0.0593,  -0.3464,   0.0012, 0
B,  110, ALA,  0.0495,  -0.3519,   0.0010, 0
B,  111, ARG,  0.1350,  -0.3042,   0.0037, 0
B,  112, LEU,  0.0958,  -0.3261,   0.0022, 0
B,  113, ASP,  0.0650,  -0.3432,   0.0014, 0
B,  114, TRP,  0.0840,  -0.3326,   0.0018, 0
B,  115, ASN,  0.0697,  -0.3406,   0.0015, 0
B,  116, THR,  0.0666,  -0.3423,   0.0014, 0
B,  117, ASP,  0.0422,  -0.3559,   0.0009, 0
B,  118, ALA,  0.0025,  -0.3780,   0.0003, 0
B,  119, ALA,  0.0155,  -0.3708,   0.0004, 0
B,  120, SER,  0.0264,  -0.3647,   0.0006, 0
B,  121, LEU,  0.0515,  -0.3508,   0.0010, 0
B,  122, ILE,  0.0205,  -0.3680,   0.0005, 0
B,  123, GLY,  0.1112,  -0.3175,   0.0027, 0
B,  124, GLU,  0.1394,  -0.3018,   0.0039, 0
B,  125, GLU,  0.1801,  -0.2791,   0.0058, 0
B,  126, LEU,  0.0320,  -0.3616,   0.0007, 0
B,  127, GLN,  0.2249,  -0.2541,   0.0084, 0
B,  128, VAL,  0.0195,  -0.3686,   0.0005, 0
B,  129, ASP,  0.0454,  -0.3542,   0.0009, 0
B,  130, PHE,  0.2873,  -0.2193,   0.0129, 0
B,  131, LEU,  0.2310,  -0.2507,   0.0088, 0
