chain, residue_label, residue_name, score, zscore, probability, pocket
A,  373, HIS,  0.4934,  -0.1044,   0.0350, 0
A,  374, LEU,  0.6269,  -0.0300,   0.0559, 0
A,  375, SER,  0.2776,  -0.2247,   0.0121, 0
A,  376, ASP,  0.1137,  -0.3161,   0.0028, 0
A,  377, MET,  0.0252,  -0.3654,   0.0006, 0
A,  378, LEU,  0.1249,  -0.3098,   0.0032, 0
A,  379, GLN,  0.1163,  -0.3147,   0.0029, 0
A,  380, GLN,  0.2925,  -0.2164,   0.0134, 0
A,  381, LEU,  0.2047,  -0.2653,   0.0071, 0
A,  382, HIS,  0.5650,  -0.0645,   0.0456, 0
A,  383, SER,  0.2476,  -0.2415,   0.0099, 0
A,  384, VAL,  0.1024,  -0.3224,   0.0024, 0
A,  385, ASN,  0.6190,  -0.0344,   0.0545, 0
A,  386, ALA,  0.2411,  -0.2451,   0.0095, 0
A,  387, SER,  0.0443,  -0.3548,   0.0009, 0
A,  388, LYS,  0.1798,  -0.2793,   0.0057, 0
A,  389, PRO,  0.0590,  -0.3466,   0.0012, 0
A,  390, SER,  0.0926,  -0.3279,   0.0021, 0
A,  391, GLU,  0.0890,  -0.3298,   0.0020, 0
A,  392, ARG,  0.0694,  -0.3408,   0.0015, 0
A,  393, GLY,  0.0250,  -0.3655,   0.0006, 0
A,  394, LEU,  0.0626,  -0.3446,   0.0013, 0
A,  395, VAL,  0.0972,  -0.3253,   0.0022, 0
A,  396, ARG,  0.0600,  -0.3460,   0.0012, 0
A,  397, GLN,  0.7387,   0.0323,   0.0777, 2
A,  398, GLU,  0.1507,  -0.2954,   0.0044, 0
A,  399, GLU,  0.0366,  -0.3591,   0.0008, 0
A,  400, ALA,  0.0119,  -0.3728,   0.0004, 0
A,  401, GLU,  0.1887,  -0.2743,   0.0062, 0
A,  402, ASP,  0.0731,  -0.3387,   0.0016, 0
A,  403, PRO,  0.0975,  -0.3251,   0.0023, 0
A,  404, ALA,  0.0795,  -0.3351,   0.0017, 0
A,  405, CYS,  0.5195,  -0.0899,   0.0387, 0
A,  406, ILE,  0.5494,  -0.0732,   0.0432, 0
A,  407, PRO,  1.3730,   0.3858,   0.2459, 1
A,  408, ILE,  1.5293,   0.4729,   0.2908, 1
A,  409, PHE,  1.4232,   0.4139,   0.2606, 1
A,  410, TRP,  0.7601,   0.0442,   0.0823, 0
A,  411, VAL,  0.5457,  -0.0753,   0.0426, 0
A,  412, SER,  0.7440,   0.0353,   0.0788, 0
A,  413, LYS,  0.8328,   0.0847,   0.0988, 0
A,  414, TRP,  0.7138,   0.0184,   0.0725, 3
A,  415, VAL,  0.0056,  -0.3763,   0.0003, 0
A,  416, ASP,  0.3519,  -0.1833,   0.0186, 0
A,  417, TYR,  1.0920,   0.2292,   0.1659, 0
A,  418, SER,  0.9623,   0.1569,   0.1310, 0
A,  419, ASP,  0.1770,  -0.2808,   0.0056, 0
A,  420, LYS,  0.5457,  -0.0753,   0.0426, 0
A,  421, TYR,  0.7170,   0.0202,   0.0732, 0
A,  422, GLY,  0.4255,  -0.1423,   0.0265, 0
A,  423, LEU,  0.6492,  -0.0176,   0.0599, 0
A,  424, GLY,  0.0053,  -0.3765,   0.0003, 0
A,  425, TYR,  0.0310,  -0.3622,   0.0007, 0
A,  426, GLN,  0.4597,  -0.1232,   0.0306, 0
A,  427, LEU,  0.0000,  -0.3795,   0.0002, 0
A,  428, CYS,  0.0640,  -0.3438,   0.0013, 0
A,  429, ASP,  0.2652,  -0.2316,   0.0112, 4
A,  430, ASN,  0.5220,  -0.0885,   0.0391, 0
A,  431, SER,  0.3411,  -0.1893,   0.0177, 0
A,  432, VAL,  0.4140,  -0.1487,   0.0251, 0
A,  433, GLY,  0.0053,  -0.3765,   0.0003, 0
A,  434, VAL,  0.0053,  -0.3765,   0.0003, 0
A,  435, LEU,  0.8619,   0.1009,   0.1058, 0
A,  436, PHE,  0.5088,  -0.0959,   0.0371, 0
A,  437, ASN,  0.6864,   0.0031,   0.0670, 0
A,  438, ASP,  0.1623,  -0.2890,   0.0049, 0
A,  439, SER,  0.5388,  -0.0791,   0.0416, 0
A,  440, THR,  0.1317,  -0.3061,   0.0035, 0
A,  441, ARG,  0.2797,  -0.2235,   0.0123, 0
A,  442, LEU,  0.1105,  -0.3178,   0.0027, 0
A,  443, ILE,  0.0000,  -0.3795,   0.0002, 0
A,  444, LEU,  0.2777,  -0.2247,   0.0122, 0
A,  445, TYR,  0.6746,  -0.0034,   0.0647, 0
A,  446, ASN,  0.3390,  -0.1905,   0.0175, 4
A,  447, ASP,  0.1908,  -0.2731,   0.0063, 0
A,  448, GLY,  0.2307,  -0.2509,   0.0088, 0
A,  449, ASP,  0.1430,  -0.2997,   0.0040, 0
A,  450, SER,  0.2905,  -0.2175,   0.0132, 0
A,  451, LEU,  0.3478,  -0.1856,   0.0183, 0
A,  452, GLN,  0.5003,  -0.1006,   0.0360, 0
A,  453, TYR,  0.2265,  -0.2532,   0.0085, 0
A,  454, ILE,  0.1954,  -0.2705,   0.0066, 0
A,  455, GLU,  0.2340,  -0.2491,   0.0090, 0
A,  456, ARG,  0.2041,  -0.2657,   0.0071, 0
A,  457, ASP,  0.0730,  -0.3388,   0.0016, 0
A,  458, GLY,  0.1635,  -0.2883,   0.0049, 0
A,  459, THR,  0.0929,  -0.3277,   0.0021, 0
A,  460, GLU,  0.1566,  -0.2922,   0.0046, 0
A,  461, SER,  0.1336,  -0.3050,   0.0036, 0
A,  462, TYR,  0.5627,  -0.0658,   0.0452, 0
A,  463, LEU,  0.3309,  -0.1950,   0.0167, 0
A,  464, THR,  0.1475,  -0.2973,   0.0042, 0
A,  465, VAL,  0.2284,  -0.2521,   0.0086, 0
A,  466, SER,  0.0781,  -0.3359,   0.0017, 0
A,  469, PRO,  0.1646,  -0.2877,   0.0050, 0
A,  470, ASN,  0.0312,  -0.3621,   0.0007, 0
A,  471, SER,  0.1641,  -0.2880,   0.0050, 0
A,  472, LEU,  0.2264,  -0.2532,   0.0085, 0
A,  473, MET,  0.1498,  -0.2960,   0.0043, 0
A,  474, LYS,  0.3305,  -0.1952,   0.0167, 0
A,  475, LYS,  0.1988,  -0.2687,   0.0068, 0
A,  476, ILE,  0.2268,  -0.2530,   0.0085, 0
A,  477, THR,  0.2430,  -0.2440,   0.0096, 0
A,  478, LEU,  0.3545,  -0.1819,   0.0189, 0
A,  479, LEU,  0.1924,  -0.2722,   0.0064, 0
A,  480, LYS,  0.3336,  -0.1935,   0.0169, 0
A,  481, TYR,  0.8663,   0.1034,   0.1069, 0
A,  482, PHE,  0.1427,  -0.2999,   0.0040, 0
A,  483, ARG,  0.5640,  -0.0651,   0.0455, 0
A,  484, ASN,  0.3970,  -0.1582,   0.0232, 0
A,  485, TYR,  1.2941,   0.3419,   0.2232, 0
A,  486, MET,  0.3011,  -0.2116,   0.0141, 0
A,  487, SER,  0.4799,  -0.1120,   0.0332, 0
A,  488, GLU,  0.2563,  -0.2366,   0.0105, 0
A,  489, HIS,  0.6752,  -0.0031,   0.0648, 0
A,  490, LEU,  0.7614,   0.0449,   0.0826, 0
A,  491, LEU,  0.8717,   0.1064,   0.1082, 0
A,  492, LYS,  0.9033,   0.1241,   0.1160, 5
A,  493, ALA,  0.8845,   0.1135,   0.1113, 0
A,  494, GLY,  0.5096,  -0.0954,   0.0373, 5
A,  495, ALA,  0.3069,  -0.2084,   0.0145, 5
A,  496, ASN,  0.1561,  -0.2925,   0.0046, 0
A,  497, ILE,  0.4047,  -0.1539,   0.0241, 0
A,  498, THR,  0.0811,  -0.3342,   0.0018, 0
A,  499, PRO,  0.0926,  -0.3278,   0.0021, 4
A,  500, ARG,  1.5687,   0.4949,   0.3017, 1
A,  501, GLU,  0.0362,  -0.3593,   0.0007, 0
A,  502, GLY,  0.1074,  -0.3196,   0.0026, 4
A,  503, ASP,  0.1227,  -0.3111,   0.0032, 4
A,  504, GLU,  0.2602,  -0.2344,   0.0108, 4
A,  505, LEU,  0.1138,  -0.3160,   0.0028, 0
A,  506, ALA,  0.1637,  -0.2882,   0.0049, 0
A,  507, ARG,  0.6269,  -0.0300,   0.0559, 0
A,  508, LEU,  0.4089,  -0.1516,   0.0245, 0
A,  509, PRO,  0.4338,  -0.1377,   0.0275, 0
A,  510, TYR,  0.2682,  -0.2299,   0.0114, 0
A,  511, LEU,  0.0595,  -0.3463,   0.0012, 0
A,  512, ARG,  0.9752,   0.1641,   0.1345, 0
A,  513, THR,  0.8868,   0.1148,   0.1119, 0
A,  514, TRP,  1.2293,   0.3057,   0.2046, 0
A,  515, PHE,  0.8885,   0.1158,   0.1123, 0
A,  516, ARG,  0.7097,   0.0161,   0.0716, 0
A,  517, THR,  0.3329,  -0.1939,   0.0169, 0
A,  518, ARG,  0.5597,  -0.0675,   0.0448, 0
A,  519, SER,  1.5328,   0.4749,   0.2918, 0
A,  520, ALA,  0.6263,  -0.0304,   0.0558, 0
A,  521, ILE,  0.2796,  -0.2236,   0.0123, 0
A,  522, ILE,  0.0000,  -0.3795,   0.0002, 0
A,  523, LEU,  0.3040,  -0.2100,   0.0143, 0
A,  524, HIS,  0.5943,  -0.0482,   0.0504, 0
A,  525, LEU,  0.5175,  -0.0910,   0.0384, 0
A,  526, SER,  0.3849,  -0.1649,   0.0219, 0
A,  527, ASN,  1.4618,   0.4354,   0.2718, 1
A,  528, GLY,  0.3927,  -0.1605,   0.0228, 0
A,  529, SER,  1.4289,   0.4170,   0.2622, 1
A,  530, VAL,  0.0178,  -0.3695,   0.0005, 0
A,  531, GLN,  0.5065,  -0.0971,   0.0368, 0
A,  532, ILE,  0.0000,  -0.3795,   0.0002, 0
A,  533, ASN,  0.8385,   0.0879,   0.1002, 0
A,  534, PHE,  1.5327,   0.4749,   0.2918, 0
A,  535, PHE,  0.4475,  -0.1300,   0.0291, 3
A,  536, GLN,  0.5451,  -0.0756,   0.0425, 0
A,  537, ASP,  0.5539,  -0.0707,   0.0439, 0
A,  538, HIS,  0.6248,  -0.0312,   0.0555, 3
A,  539, THR,  0.4346,  -0.1372,   0.0276, 0
A,  540, LYS,  1.0770,   0.2209,   0.1618, 5
A,  541, LEU,  0.0000,  -0.3795,   0.0002, 0
A,  542, ILE,  0.7954,   0.0639,   0.0901, 0
A,  543, LEU,  0.4104,  -0.1507,   0.0247, 0
A,  544, CYS,  1.3778,   0.3885,   0.2473, 1
A,  545, PRO,  1.0335,   0.1966,   0.1499, 0
A,  546, LEU,  1.4518,   0.4298,   0.2689, 1
A,  547, MET,  0.9567,   0.1538,   0.1296, 1
A,  548, ALA,  0.5180,  -0.0907,   0.0385, 0
A,  549, ALA,  0.1684,  -0.2856,   0.0052, 0
A,  550, VAL,  0.0220,  -0.3672,   0.0005, 0
A,  551, THR,  0.0440,  -0.3549,   0.0009, 0
A,  552, TYR,  0.6731,  -0.0043,   0.0644, 2
A,  553, ILE,  0.4424,  -0.1328,   0.0285, 5
A,  554, ASP,  0.6791,  -0.0009,   0.0656, 2
A,  555, GLU,  0.4313,  -0.1390,   0.0272, 2
A,  556, LYS,  0.0357,  -0.3596,   0.0007, 0
A,  557, ARG,  0.5379,  -0.0796,   0.0415, 5
A,  558, ASP,  0.2380,  -0.2468,   0.0093, 0
A,  559, PHE,  0.2085,  -0.2633,   0.0074, 0
A,  560, ARG,  0.6470,  -0.0188,   0.0595, 2
A,  561, THR,  0.0785,  -0.3357,   0.0017, 0
A,  562, TYR,  0.6662,  -0.0081,   0.0630, 0
A,  563, ARG,  0.2011,  -0.2674,   0.0069, 0
A,  564, LEU,  0.2657,  -0.2314,   0.0112, 0
A,  565, SER,  0.2927,  -0.2163,   0.0134, 0
A,  566, LEU,  0.1107,  -0.3177,   0.0027, 0
A,  567, LEU,  0.0000,  -0.3795,   0.0002, 0
A,  568, GLU,  0.2417,  -0.2447,   0.0095, 0
A,  569, GLU,  0.0842,  -0.3326,   0.0019, 0
A,  570, TYR,  0.0826,  -0.3334,   0.0018, 0
A,  571, GLY,  0.0239,  -0.3662,   0.0005, 0
A,  572, CYS,  0.1113,  -0.3174,   0.0027, 0
A,  573, CYS,  0.7780,   0.0542,   0.0863, 2
A,  574, LYS,  0.1569,  -0.2920,   0.0046, 0
A,  575, GLU,  0.8495,   0.0941,   0.1028, 2
A,  576, LEU,  0.6799,  -0.0005,   0.0657, 0
A,  577, ALA,  0.0630,  -0.3444,   0.0013, 0
A,  578, SER,  1.4165,   0.4101,   0.2587, 0
A,  579, ARG,  1.3400,   0.3675,   0.2364, 0
A,  580, LEU,  0.0668,  -0.3422,   0.0014, 0
A,  581, ARG,  0.6792,  -0.0009,   0.0656, 0
A,  582, TYR,  1.6587,   0.5451,   0.3263, 0
A,  583, ALA,  0.0208,  -0.3679,   0.0005, 0
A,  584, ARG,  0.6798,  -0.0006,   0.0657, 0
A,  585, THR,  0.4124,  -0.1496,   0.0249, 0
A,  586, MET,  0.3223,  -0.1998,   0.0159, 0
A,  587, VAL,  0.0124,  -0.3726,   0.0004, 0
A,  588, ASP,  0.2326,  -0.2498,   0.0089, 0
A,  589, LYS,  0.4201,  -0.1453,   0.0258, 0
A,  590, LEU,  0.2573,  -0.2361,   0.0106, 0
A,  591, LEU,  0.3027,  -0.2108,   0.0142, 0
A,  592, SER,  0.0244,  -0.3659,   0.0006, 0
A,  593, SER,  0.2516,  -0.2392,   0.0102, 0
D,    2, 0LF,  1.8371,   0.6446,   0.3732, 0
D,    3, LEU,  0.4090,  -0.1515,   0.0246, 0
D,    4, HIS,  1.0497,   0.2057,   0.1543, 3
D,    5, SER,  0.9148,   0.1304,   0.1189, 3
D,    6, TPO,  1.1840,   0.2805,   0.1917, 3
