chain, residue_label, residue_name, score, zscore, probability, pocket
A,  127, GLN,  0.2209,  -0.2563,   0.0081, 0
A,  128, TRP,  0.9841,   0.1691,   0.1367, 2
A,  129, ALA,  0.0616,  -0.3452,   0.0013, 0
A,  130, LEU,  0.8145,   0.0745,   0.0945, 0
A,  131, GLU,  0.0659,  -0.3427,   0.0014, 0
A,  132, ASP,  0.0516,  -0.3507,   0.0011, 0
A,  133, PHE,  0.7565,   0.0422,   0.0815, 2
A,  134, GLU,  0.0279,  -0.3639,   0.0006, 0
A,  135, ILE,  0.9254,   0.1364,   0.1217, 0
A,  136, GLY,  0.0809,  -0.3344,   0.0018, 0
A,  137, ARG,  0.1491,  -0.2964,   0.0043, 0
A,  138, PRO,  0.0756,  -0.3373,   0.0016, 0
A,  139, LEU,  2.3141,   0.9104,   0.4837, 1
A,  140, GLY,  1.0220,   0.1902,   0.1469, 1
A,  141, LYS,  0.7482,   0.0376,   0.0797, 1
A,  142, GLY,  1.6133,   0.5198,   0.3139, 1
A,  143, LYS,  2.8381,   1.2025,   0.5842, 1
A,  144, PHE,  4.4333,   2.0917,   0.7817, 1
A,  145, GLY,  2.5547,   1.0445,   0.5326, 1
A,  146, ASN,  1.0848,   0.2252,   0.1639, 0
A,  147, VAL,  3.8511,   1.7671,   0.7258, 1
A,  148, TYR,  0.9379,   0.1433,   0.1248, 0
A,  149, LEU,  0.0780,  -0.3360,   0.0017, 0
A,  150, ALA,  0.2061,  -0.2646,   0.0072, 0
A,  151, ARG,  0.0335,  -0.3608,   0.0007, 0
A,  152, GLU,  0.8501,   0.0944,   0.1029, 2
A,  153, LYS,  0.0062,  -0.3760,   0.0003, 0
A,  154, GLN,  0.0330,  -0.3611,   0.0007, 0
A,  155, SER,  0.2458,  -0.2425,   0.0098, 2
A,  156, LYS,  0.0367,  -0.3590,   0.0008, 0
A,  157, PHE,  1.0729,   0.2186,   0.1607, 2
A,  158, ILE,  0.2186,  -0.2576,   0.0080, 0
A,  159, LEU,  0.7714,   0.0505,   0.0848, 2
A,  160, ALA,  2.0591,   0.7683,   0.4272, 1
A,  161, LEU,  0.7540,   0.0408,   0.0810, 0
A,  162, LYS,  4.6009,   2.1851,   0.7952, 1
A,  163, VAL,  0.9367,   0.1427,   0.1245, 0
A,  164, LEU,  1.5230,   0.4695,   0.2891, 1
A,  165, PHE,  0.3101,  -0.2066,   0.0148, 0
A,  166, LYS,  0.5865,  -0.0526,   0.0491, 0
A,  167, ALA,  0.0210,  -0.3677,   0.0005, 0
A,  168, GLN,  0.1723,  -0.2834,   0.0054, 0
A,  169, LEU,  0.9872,   0.1708,   0.1375, 1
A,  170, GLU,  0.0423,  -0.3559,   0.0009, 0
A,  171, LYS,  0.0217,  -0.3674,   0.0005, 0
A,  172, ALA,  0.1430,  -0.2998,   0.0040, 1
A,  173, GLY,  0.0521,  -0.3504,   0.0011, 0
A,  174, VAL,  0.7606,   0.0445,   0.0824, 1
A,  175, GLU,  0.0634,  -0.3441,   0.0013, 0
A,  176, HIS,  0.8536,   0.0963,   0.1037, 0
A,  177, GLN,  3.9836,   1.8410,   0.7400, 1
A,  178, LEU,  1.9157,   0.6883,   0.3928, 1
A,  179, ARG,  0.2651,  -0.2317,   0.0112, 0
A,  180, ARG,  0.6029,  -0.0434,   0.0518, 0
A,  181, GLU,  3.9691,   1.8329,   0.7385, 1
A,  182, VAL,  0.2990,  -0.2128,   0.0139, 0
A,  183, GLU,  0.3142,  -0.2043,   0.0152, 0
A,  184, ILE,  0.7341,   0.0297,   0.0768, 0
A,  185, GLN,  0.2230,  -0.2551,   0.0083, 0
A,  186, SER,  0.0864,  -0.3313,   0.0019, 0
A,  187, HIS,  0.0793,  -0.3353,   0.0017, 0
A,  188, LEU,  0.8441,   0.0910,   0.1015, 0
A,  189, ARG,  0.1549,  -0.2931,   0.0045, 0
A,  190, HIS,  0.2108,  -0.2620,   0.0075, 0
A,  191, PRO,  0.1252,  -0.3097,   0.0033, 0
A,  192, ASN,  0.0643,  -0.3436,   0.0013, 0
A,  193, ILE,  0.1599,  -0.2903,   0.0048, 0
A,  194, LEU,  2.2172,   0.8564,   0.4630, 1
A,  195, ARG,  0.1390,  -0.3020,   0.0038, 0
A,  196, LEU,  0.0741,  -0.3382,   0.0016, 0
A,  197, TYR,  1.0559,   0.2091,   0.1560, 2
A,  198, GLY,  0.3638,  -0.1767,   0.0198, 0
A,  199, TYR,  0.7152,   0.0192,   0.0728, 0
A,  200, PHE,  0.4361,  -0.1364,   0.0278, 0
A,  201, HIS,  0.7321,   0.0286,   0.0764, 0
A,  202, ASP,  0.0602,  -0.3459,   0.0012, 0
A,  203, ALA,  0.0323,  -0.3615,   0.0007, 0
A,  204, THR,  0.0443,  -0.3547,   0.0009, 0
A,  205, ARG,  0.4832,  -0.1101,   0.0336, 0
A,  206, VAL,  0.7749,   0.0524,   0.0856, 0
A,  207, TYR,  0.9878,   0.1712,   0.1377, 0
A,  208, LEU,  0.4149,  -0.1482,   0.0252, 1
A,  209, ILE,  0.8232,   0.0794,   0.0966, 2
A,  210, LEU,  2.7477,   1.1521,   0.5684, 1
A,  211, GLU,  1.1923,   0.2851,   0.1941, 1
A,  212, TYR,  1.0648,   0.2140,   0.1585, 1
A,  213, ALA,  1.6603,   0.5460,   0.3267, 1
A,  214, PRO,  0.6793,  -0.0008,   0.0656, 0
A,  215, LEU,  0.7119,   0.0174,   0.0721, 0
A,  216, GLY,  1.3015,   0.3460,   0.2254, 1
A,  217, THR,  1.9921,   0.7309,   0.4116, 1
A,  218, VAL,  0.0229,  -0.3667,   0.0005, 0
A,  219, TYR,  0.5048,  -0.0981,   0.0366, 3
A,  220, ARG,  0.1611,  -0.2897,   0.0048, 0
A,  221, GLU,  0.2062,  -0.2645,   0.0072, 0
A,  222, LEU,  0.0612,  -0.3453,   0.0013, 0
A,  223, GLN,  0.1472,  -0.2974,   0.0042, 0
A,  224, LYS,  0.0223,  -0.3670,   0.0005, 0
A,  225, LEU,  0.0148,  -0.3712,   0.0004, 0
A,  226, SER,  0.0084,  -0.3748,   0.0003, 0
A,  227, LYS,  0.0853,  -0.3319,   0.0019, 0
A,  228, PHE,  0.1116,  -0.3172,   0.0027, 0
A,  229, ASP,  0.0655,  -0.3429,   0.0014, 0
A,  230, GLU,  0.2368,  -0.2475,   0.0092, 0
A,  231, GLN,  0.0736,  -0.3385,   0.0016, 0
A,  232, ARG,  0.4725,  -0.1161,   0.0322, 0
A,  233, THR,  0.0186,  -0.3691,   0.0005, 0
A,  234, ALA,  0.0000,  -0.3795,   0.0002, 0
A,  235, THR,  0.3096,  -0.2069,   0.0148, 0
A,  236, TYR,  0.4685,  -0.1183,   0.0317, 0
A,  237, ILE,  0.0000,  -0.3795,   0.0002, 0
A,  238, THR,  0.0306,  -0.3624,   0.0007, 0
A,  239, GLU,  0.3442,  -0.1876,   0.0179, 0
A,  240, LEU,  0.0000,  -0.3795,   0.0002, 0
A,  241, ALA,  0.0585,  -0.3468,   0.0012, 0
A,  242, ASN,  0.1102,  -0.3180,   0.0027, 0
A,  243, ALA,  0.0279,  -0.3639,   0.0006, 0
A,  244, LEU,  0.3492,  -0.1848,   0.0184, 0
A,  245, SER,  0.5157,  -0.0920,   0.0381, 0
A,  246, TYR,  0.8711,   0.1061,   0.1081, 0
A,  247, CYS,  0.6471,  -0.0188,   0.0595, 0
A,  248, HIS,  1.0472,   0.2043,   0.1536, 0
A,  249, SER,  0.3002,  -0.2122,   0.0140, 0
A,  250, LYS,  0.8814,   0.1118,   0.1106, 0
A,  251, ARG,  0.0196,  -0.3685,   0.0005, 0
A,  252, VAL,  0.8012,   0.0671,   0.0914, 0
A,  253, ILE,  0.0000,  -0.3795,   0.0002, 0
A,  254, HIS,  0.0181,  -0.3694,   0.0005, 0
A,  255, ARG,  0.8561,   0.0977,   0.1043, 1
A,  256, ASP,  3.2593,   1.4373,   0.6501, 1
A,  257, ILE,  0.0378,  -0.3584,   0.0008, 0
A,  258, LYS,  2.3519,   0.9315,   0.4917, 1
A,  259, PRO,  0.2768,  -0.2252,   0.0121, 0
A,  260, GLU,  2.6398,   1.0919,   0.5487, 1
A,  261, ASN,  3.4411,   1.5386,   0.6749, 1
A,  262, LEU,  0.0771,  -0.3365,   0.0017, 0
A,  263, LEU,  3.7988,   1.7380,   0.7198, 1
A,  264, LEU,  0.9589,   0.1550,   0.1301, 0
A,  265, GLY,  0.1198,  -0.3127,   0.0030, 0
A,  266, SER,  0.1392,  -0.3019,   0.0038, 0
A,  267, ALA,  0.3605,  -0.1785,   0.0195, 0
A,  268, GLY,  0.4774,  -0.1134,   0.0329, 0
A,  269, GLU,  0.4790,  -0.1125,   0.0331, 0
A,  270, LEU,  0.1549,  -0.2931,   0.0045, 0
A,  271, LYS,  0.1432,  -0.2996,   0.0040, 0
A,  272, ILE,  0.0000,  -0.3795,   0.0002, 0
A,  273, ALA,  1.6177,   0.5223,   0.3151, 1
A,  274, ASP,  6.3270,   3.1472,   0.8941, 1
A,  275, PHE,  0.7250,   0.0246,   0.0749, 0
A,  276, GLY,  2.3513,   0.9311,   0.4915, 0
A,  277, TRP,  4.3310,   2.0346,   0.7730, 1
A,  278, SER,  0.6835,   0.0015,   0.0664, 0
A,  279, VAL,  0.7745,   0.0523,   0.0855, 0
A,  280, HIS,  0.3948,  -0.1594,   0.0230, 0
A,  281, ALA,  0.0067,  -0.3757,   0.0003, 0
A,  282, PRO,  0.0278,  -0.3640,   0.0006, 0
A,  283, SER,  0.1661,  -0.2869,   0.0051, 0
A,  284, SER,  0.2506,  -0.2398,   0.0102, 0
A,  285, ARG,  0.4814,  -0.1111,   0.0334, 0
A,  286, ARG,  0.5287,  -0.0847,   0.0401, 0
A,  287, THR,  0.7865,   0.0589,   0.0881, 1
A,  288, TPO,  0.3808,  -0.1672,   0.0215, 1
A,  289, LEU,  0.5178,  -0.0909,   0.0385, 1
A,  290, ALA,  1.5259,   0.4711,   0.2899, 1
A,  291, GLY,  0.7893,   0.0605,   0.0888, 1
A,  292, THR,  0.6983,   0.0098,   0.0693, 1
A,  293, LEU,  0.3391,  -0.1905,   0.0175, 0
A,  294, ASP,  0.3076,  -0.2080,   0.0146, 3
A,  295, TYR,  0.4826,  -0.1105,   0.0336, 3
A,  296, LEU,  0.2798,  -0.2235,   0.0123, 1
A,  297, PRO,  0.0282,  -0.3638,   0.0006, 0
A,  298, PRO,  0.0101,  -0.3738,   0.0004, 0
A,  299, GLU,  0.0523,  -0.3503,   0.0011, 0
A,  300, MET,  0.0637,  -0.3439,   0.0013, 0
A,  301, ILE,  0.2558,  -0.2369,   0.0105, 0
A,  302, GLU,  0.0564,  -0.3480,   0.0012, 0
A,  303, GLY,  0.0179,  -0.3695,   0.0005, 0
A,  304, ARG,  0.0844,  -0.3324,   0.0019, 0
A,  305, MET,  0.1089,  -0.3188,   0.0026, 0
A,  306, HIS,  0.0660,  -0.3427,   0.0014, 0
A,  307, ASP,  0.0873,  -0.3308,   0.0019, 0
A,  308, GLU,  0.8965,   0.1202,   0.1143, 0
A,  309, LYS,  0.8854,   0.1141,   0.1115, 0
A,  310, VAL,  0.0381,  -0.3582,   0.0008, 0
A,  311, ASP,  0.0181,  -0.3694,   0.0005, 0
A,  312, LEU,  0.8292,   0.0827,   0.0980, 0
A,  313, TRP,  0.0142,  -0.3715,   0.0004, 0
A,  314, SER,  0.0222,  -0.3671,   0.0005, 0
A,  315, LEU,  0.0000,  -0.3795,   0.0002, 0
A,  316, GLY,  0.0000,  -0.3795,   0.0002, 0
A,  317, VAL,  0.0000,  -0.3795,   0.0002, 0
A,  318, LEU,  0.0000,  -0.3795,   0.0002, 0
A,  319, CYS,  0.0000,  -0.3795,   0.0002, 0
A,  320, TYR,  0.0709,  -0.3399,   0.0015, 0
A,  321, GLU,  0.4189,  -0.1460,   0.0257, 3
A,  322, PHE,  0.0079,  -0.3751,   0.0003, 0
A,  323, LEU,  0.1679,  -0.2859,   0.0051, 0
A,  324, VAL,  0.1492,  -0.2963,   0.0043, 0
A,  325, GLY,  0.1453,  -0.2985,   0.0041, 3
A,  326, LYS,  0.2354,  -0.2482,   0.0091, 0
A,  327, PRO,  0.2048,  -0.2653,   0.0071, 3
A,  328, PRO,  0.0257,  -0.3651,   0.0006, 0
A,  329, PHE,  0.0443,  -0.3548,   0.0009, 0
A,  330, GLU,  0.2323,  -0.2500,   0.0089, 3
A,  331, ALA,  0.0871,  -0.3309,   0.0019, 0
A,  332, ASN,  0.0150,  -0.3711,   0.0004, 0
A,  333, THR,  0.0882,  -0.3303,   0.0020, 0
A,  334, TYR,  0.5427,  -0.0770,   0.0422, 0
A,  335, GLN,  0.1641,  -0.2880,   0.0050, 0
A,  336, GLU,  0.0123,  -0.3726,   0.0004, 0
A,  337, THR,  0.0914,  -0.3285,   0.0021, 0
A,  338, TYR,  0.4293,  -0.1402,   0.0269, 0
A,  339, LYS,  0.0619,  -0.3450,   0.0013, 0
A,  340, ARG,  0.0234,  -0.3664,   0.0005, 0
A,  341, ILE,  0.0101,  -0.3738,   0.0004, 0
A,  342, SER,  0.0671,  -0.3421,   0.0014, 0
A,  343, ARG,  0.0551,  -0.3487,   0.0011, 0
A,  344, VAL,  0.0605,  -0.3457,   0.0012, 0
A,  345, GLU,  0.0264,  -0.3648,   0.0006, 0
A,  346, PHE,  0.1596,  -0.2905,   0.0048, 0
A,  347, THR,  0.1286,  -0.3078,   0.0034, 0
A,  348, PHE,  0.1663,  -0.2868,   0.0051, 0
A,  349, PRO,  0.0893,  -0.3297,   0.0020, 0
A,  350, ASP,  0.0205,  -0.3680,   0.0005, 0
A,  351, PHE,  0.2158,  -0.2592,   0.0078, 0
A,  352, VAL,  0.1725,  -0.2833,   0.0054, 0
A,  353, THR,  0.2374,  -0.2472,   0.0092, 0
A,  354, GLU,  0.1024,  -0.3224,   0.0024, 0
A,  355, GLY,  0.1389,  -0.3021,   0.0038, 0
A,  356, ALA,  0.2084,  -0.2633,   0.0073, 0
A,  357, ARG,  0.0442,  -0.3548,   0.0009, 0
A,  358, ASP,  0.0515,  -0.3508,   0.0010, 0
A,  359, LEU,  0.0373,  -0.3586,   0.0008, 0
A,  360, ILE,  0.0036,  -0.3774,   0.0003, 0
A,  361, SER,  0.1592,  -0.2907,   0.0047, 0
A,  362, ARG,  0.0787,  -0.3356,   0.0017, 0
A,  363, LEU,  0.0222,  -0.3671,   0.0005, 0
A,  364, LEU,  0.0708,  -0.3400,   0.0015, 0
A,  365, LYS,  0.0627,  -0.3445,   0.0013, 0
A,  366, HIS,  0.0519,  -0.3505,   0.0011, 0
A,  367, ASN,  0.0482,  -0.3526,   0.0010, 0
A,  368, PRO,  0.0590,  -0.3466,   0.0012, 0
A,  369, SER,  0.0244,  -0.3658,   0.0006, 0
A,  370, GLN,  0.0288,  -0.3634,   0.0006, 0
A,  371, ARG,  0.1565,  -0.2922,   0.0046, 0
A,  372, PRO,  0.8097,   0.0718,   0.0934, 0
A,  373, MET,  1.0995,   0.2334,   0.1680, 0
A,  374, LEU,  0.9877,   0.1711,   0.1377, 0
A,  375, ARG,  0.5488,  -0.0736,   0.0431, 0
A,  376, GLU,  0.1087,  -0.3188,   0.0026, 0
A,  377, VAL,  0.0384,  -0.3581,   0.0008, 0
A,  378, LEU,  0.0931,  -0.3276,   0.0021, 0
A,  379, GLU,  0.0069,  -0.3756,   0.0003, 0
A,  380, HIS,  0.1055,  -0.3206,   0.0025, 0
A,  381, PRO,  0.1098,  -0.3182,   0.0027, 0
A,  382, TRP,  0.2357,  -0.2481,   0.0091, 0
A,  383, ILE,  0.0632,  -0.3442,   0.0013, 0
A,  384, THR,  0.0269,  -0.3645,   0.0006, 0
A,  385, ALA,  0.0896,  -0.3295,   0.0020, 0
A,  386, ASN,  0.1224,  -0.3112,   0.0031, 0
A,  387, SER,  0.0241,  -0.3660,   0.0005, 0
A,  388, SER,  0.2461,  -0.2423,   0.0098, 0
A,  389, LYS,  0.3654,  -0.1758,   0.0199, 0
A,  390, PRO,  0.0666,  -0.3423,   0.0014, 0
A,  391, SER,  0.0822,  -0.3336,   0.0018, 0
