chain, residue_label, residue_name, score, zscore, probability, pocket
A,  566, ASN,  0.0744,  -0.3380,   0.0016, 0
A,  567, ASN,  0.3793,  -0.1680,   0.0214, 2
A,  568, TYR,  1.5583,   0.4891,   0.2989, 2
A,  569, SER,  0.1434,  -0.2995,   0.0040, 0
A,  570, TYR,  0.3998,  -0.1566,   0.0235, 0
A,  571, ILE,  0.1424,  -0.3001,   0.0040, 0
A,  572, ASP,  0.0696,  -0.3407,   0.0015, 0
A,  573, PRO,  0.0420,  -0.3561,   0.0009, 0
A,  574, THR,  0.0656,  -0.3429,   0.0014, 0
A,  575, GLN,  0.0309,  -0.3623,   0.0007, 0
A,  576, LEU,  0.0824,  -0.3336,   0.0018, 0
A,  577, PRO,  0.0773,  -0.3364,   0.0017, 0
A,  578, TYR,  0.4237,  -0.1433,   0.0263, 0
A,  579, ASP,  0.0794,  -0.3352,   0.0017, 0
A,  580, HIS,  0.3507,  -0.1840,   0.0185, 0
A,  581, LYS,  0.9962,   0.1758,   0.1399, 0
A,  582, TRP,  1.2030,   0.2911,   0.1971, 0
A,  583, GLU,  0.2577,  -0.2358,   0.0106, 0
A,  584, PHE,  0.1675,  -0.2861,   0.0051, 0
A,  585, PRO,  0.0954,  -0.3263,   0.0022, 0
A,  586, ARG,  0.2376,  -0.2470,   0.0092, 0
A,  587, ASN,  0.0554,  -0.3486,   0.0011, 0
A,  588, ARG,  0.1033,  -0.3219,   0.0024, 0
A,  589, LEU,  0.0759,  -0.3371,   0.0016, 0
A,  590, SER,  0.0754,  -0.3375,   0.0016, 0
A,  591, PHE,  0.6131,  -0.0377,   0.0535, 0
A,  592, GLY,  0.1033,  -0.3219,   0.0024, 0
A,  593, LYS,  1.5214,   0.4686,   0.2886, 0
A,  594, THR,  0.0609,  -0.3455,   0.0013, 0
A,  595, LEU,  3.6232,   1.6401,   0.6989, 4
A,  596, GLY,  1.1081,   0.2382,   0.1704, 0
A,  597, ALA,  0.2954,  -0.2148,   0.0136, 0
A,  598, GLY,  0.2157,  -0.2592,   0.0078, 0
A,  599, ALA,  0.6907,   0.0055,   0.0678, 0
A,  600, PHE,  0.9761,   0.1646,   0.1347, 0
A,  601, GLY,  0.0598,  -0.3461,   0.0012, 0
A,  602, LYS,  0.4576,  -0.1244,   0.0303, 0
A,  603, VAL,  3.1590,   1.3814,   0.6353, 4
A,  604, VAL,  0.1407,  -0.3010,   0.0039, 0
A,  605, GLU,  1.4367,   0.4214,   0.2645, 0
A,  606, ALA,  0.0513,  -0.3509,   0.0010, 0
A,  607, THR,  0.2944,  -0.2153,   0.0135, 1
A,  608, ALA,  0.0100,  -0.3739,   0.0004, 0
A,  609, GLN,  0.1014,  -0.3230,   0.0024, 1
A,  610, GLY,  0.0473,  -0.3531,   0.0010, 0
A,  611, LEU,  0.1246,  -0.3100,   0.0032, 0
A,  612, ILE,  0.5306,  -0.0837,   0.0404, 1
A,  613, LYS,  0.3047,  -0.2096,   0.0144, 0
A,  614, SER,  0.4189,  -0.1460,   0.0257, 0
A,  615, ASP,  0.4051,  -0.1537,   0.0241, 0
A,  616, ALA,  0.3204,  -0.2009,   0.0157, 1
A,  617, ALA,  1.2850,   0.3368,   0.2206, 1
A,  618, MET,  2.8482,   1.2082,   0.5860, 1
A,  619, THR,  2.3987,   0.9576,   0.5015, 1
A,  620, VAL,  0.0781,  -0.3359,   0.0017, 0
A,  621, ALA,  2.9384,   1.2584,   0.6012, 4
A,  622, VAL,  0.8803,   0.1112,   0.1103, 0
A,  623, LYS,  1.1163,   0.2428,   0.1728, 2
A,  624, MET,  0.5755,  -0.0587,   0.0473, 0
A,  625, LEU,  0.4334,  -0.1379,   0.0274, 0
A,  626, LYS,  0.2501,  -0.2401,   0.0101, 0
A,  627, PRO,  0.1287,  -0.3077,   0.0034, 0
A,  628, SER,  0.0628,  -0.3445,   0.0013, 0
A,  629, ALA,  0.0601,  -0.3459,   0.0012, 0
A,  630, HIS,  0.1718,  -0.2837,   0.0053, 0
A,  631, SER,  0.0125,  -0.3725,   0.0004, 0
A,  632, THR,  0.0742,  -0.3381,   0.0016, 0
A,  633, GLU,  0.3584,  -0.1797,   0.0193, 0
A,  634, ARG,  0.3543,  -0.1820,   0.0189, 0
A,  635, GLU,  0.0936,  -0.3273,   0.0021, 0
A,  636, ALA,  0.3396,  -0.1901,   0.0175, 2
A,  637, LEU,  0.2049,  -0.2653,   0.0071, 0
A,  638, MET,  0.4303,  -0.1396,   0.0271, 0
A,  639, SER,  0.0701,  -0.3404,   0.0015, 0
A,  640, GLU,  1.6927,   0.5641,   0.3356, 2
A,  641, LEU,  0.0165,  -0.3703,   0.0004, 0
A,  642, LYS,  0.3305,  -0.1953,   0.0166, 0
A,  643, VAL,  3.1783,   1.3921,   0.6383, 2
A,  644, LEU,  3.4442,   1.5403,   0.6753, 2
A,  645, SER,  0.7359,   0.0307,   0.0771, 0
A,  646, TYR,  0.3454,  -0.1869,   0.0181, 0
A,  647, LEU,  3.5349,   1.5909,   0.6875, 2
A,  648, GLY,  1.0778,   0.2213,   0.1620, 0
A,  649, ASN,  1.1100,   0.2392,   0.1710, 0
A,  650, HIS,  0.4149,  -0.1482,   0.0252, 0
A,  651, GLU,  1.4718,   0.4409,   0.2746, 1
A,  652, ASN,  0.0792,  -0.3353,   0.0017, 0
A,  653, ILE,  1.7300,   0.5848,   0.3456, 2
A,  654, VAL,  2.6794,   1.1140,   0.5559, 4
A,  655, ASN,  1.8964,   0.6776,   0.3882, 1
A,  656, LEU,  0.7391,   0.0325,   0.0778, 0
A,  657, LEU,  0.5450,  -0.0757,   0.0425, 0
A,  658, GLY,  0.1039,  -0.3215,   0.0025, 0
A,  659, ALA,  0.0756,  -0.3373,   0.0016, 0
A,  660, CYS,  0.0219,  -0.3672,   0.0005, 0
A,  661, THR,  0.4016,  -0.1556,   0.0237, 0
A,  662, HIS,  0.3257,  -0.1979,   0.0162, 0
A,  663, GLY,  0.0606,  -0.3457,   0.0013, 0
A,  664, GLY,  0.3234,  -0.1992,   0.0160, 0
A,  665, PRO,  0.5972,  -0.0466,   0.0508, 0
A,  666, THR,  0.3589,  -0.1794,   0.0193, 0
A,  667, LEU,  0.4378,  -0.1354,   0.0280, 0
A,  668, VAL,  0.0556,  -0.3485,   0.0011, 0
A,  669, ILE,  0.0019,  -0.3784,   0.0003, 0
A,  670, THR,  2.1585,   0.8237,   0.4497, 4
A,  671, GLU,  3.9536,   1.8243,   0.7368, 1
A,  672, TYR,  4.7741,   2.2816,   0.8086, 1
A,  673, CYS,  2.9777,   1.2803,   0.6077, 4
A,  674, CYS,  2.4707,   0.9977,   0.5163, 4
A,  675, TYR,  3.2185,   1.4145,   0.6443, 5
A,  676, GLY,  1.3702,   0.3843,   0.2451, 4
A,  677, ASP,  2.3627,   0.9375,   0.4940, 4
A,  678, LEU,  0.0000,  -0.3795,   0.0002, 0
A,  679, LEU,  0.8031,   0.0682,   0.0919, 0
A,  680, ASN,  1.2598,   0.3228,   0.2134, 0
A,  681, PHE,  1.1101,   0.2393,   0.1710, 5
A,  682, LEU,  0.0000,  -0.3795,   0.0002, 0
A,  683, ARG,  0.4893,  -0.1067,   0.0345, 0
A,  684, ARG,  0.8137,   0.0741,   0.0944, 5
A,  685, LYS,  1.2241,   0.3029,   0.2031, 5
A,  686, ARG,  0.1043,  -0.3213,   0.0025, 0
A,  687, ASP,  0.0483,  -0.3525,   0.0010, 0
A,  688, GLU,  0.2555,  -0.2370,   0.0105, 5
A,  689, PHE,  0.1157,  -0.3150,   0.0029, 0
A,  690, VAL,  0.1960,  -0.2702,   0.0066, 0
A,  691, PRO,  0.1764,  -0.2812,   0.0056, 0
A,  692, TYR,  0.2163,  -0.2589,   0.0078, 0
A,  693, LYS,  0.1685,  -0.2856,   0.0052, 0
A,  694, VAL,  0.3836,  -0.1656,   0.0218, 0
A,  695, ALA,  0.1004,  -0.3235,   0.0024, 0
A,  696, PRO,  0.0064,  -0.3759,   0.0003, 0
A,  757, GLU,  0.0663,  -0.3425,   0.0014, 0
A,  758, ASP,  0.1518,  -0.2949,   0.0044, 0
A,  759, LEU,  0.4080,  -0.1520,   0.0244, 0
A,  760, TYR,  0.4459,  -0.1309,   0.0289, 0
A,  761, LYS,  0.3984,  -0.1574,   0.0234, 5
A,  762, ASP,  2.2295,   0.8633,   0.4658, 5
A,  763, PHE,  0.6026,  -0.0436,   0.0517, 0
A,  764, LEU,  0.2180,  -0.2580,   0.0079, 0
A,  765, THR,  0.2540,  -0.2379,   0.0104, 0
A,  766, LEU,  0.2593,  -0.2349,   0.0108, 0
A,  767, GLU,  0.3210,  -0.2006,   0.0158, 0
A,  768, HIS,  0.5931,  -0.0489,   0.0502, 0
A,  769, LEU,  0.0000,  -0.3795,   0.0002, 0
A,  770, LEU,  0.3264,  -0.1975,   0.0163, 0
A,  771, SER,  0.4257,  -0.1422,   0.0265, 0
A,  772, PHE,  0.2864,  -0.2198,   0.0129, 0
A,  773, SER,  0.0000,  -0.3795,   0.0002, 0
A,  774, TYR,  0.4709,  -0.1170,   0.0320, 0
A,  775, GLN,  0.2976,  -0.2136,   0.0138, 0
A,  776, VAL,  0.0000,  -0.3795,   0.0002, 0
A,  777, ALA,  0.0279,  -0.3639,   0.0006, 0
A,  778, LYS,  0.2942,  -0.2155,   0.0135, 0
A,  779, GLY,  0.0251,  -0.3655,   0.0006, 0
A,  780, MET,  0.3163,  -0.2032,   0.0154, 0
A,  781, ALA,  0.2723,  -0.2277,   0.0117, 7
A,  782, PHE,  0.1696,  -0.2849,   0.0052, 0
A,  783, LEU,  2.7405,   1.1481,   0.5671, 2
A,  784, ALA,  0.4139,  -0.1487,   0.0251, 7
A,  785, SER,  0.1997,  -0.2681,   0.0068, 7
A,  786, LYS,  0.0623,  -0.3447,   0.0013, 0
A,  787, ASN,  0.2924,  -0.2165,   0.0134, 0
A,  788, CYS,  3.3616,   1.4943,   0.6644, 2
A,  789, ILE,  2.7633,   1.1608,   0.5713, 2
A,  790, HIS,  3.4842,   1.5627,   0.6807, 2
A,  791, ARG,  0.7459,   0.0363,   0.0792, 2
A,  792, ASP,  0.4148,  -0.1483,   0.0252, 2
A,  793, LEU,  0.1118,  -0.3172,   0.0027, 0
A,  794, ALA,  0.1622,  -0.2891,   0.0049, 0
A,  795, ALA,  0.1508,  -0.2954,   0.0044, 0
A,  796, ARG,  1.1780,   0.2772,   0.1901, 0
A,  797, ASN,  0.3041,  -0.2100,   0.0143, 0
A,  798, ILE,  0.0000,  -0.3795,   0.0002, 0
A,  799, LEU,  3.2343,   1.4233,   0.6465, 4
A,  800, LEU,  0.6356,  -0.0252,   0.0575, 0
A,  801, THR,  3.0391,   1.3145,   0.6173, 1
A,  802, HIS,  4.5578,   2.1611,   0.7919, 1
A,  803, GLY,  1.3933,   0.3972,   0.2518, 0
A,  804, ASN,  1.4646,   0.4369,   0.2726, 0
A,  805, ILE,  1.4455,   0.4262,   0.2670, 1
A,  806, THR,  0.0000,  -0.3795,   0.0002, 0
A,  807, LYS,  1.3341,   0.3641,   0.2347, 1
A,  808, ILE,  1.8257,   0.6382,   0.3703, 2
A,  809, CYS,  3.7672,   1.7204,   0.7161, 2
A,  810, ASP,  2.9004,   1.2372,   0.5947, 2
A,  811, PHE,  4.1991,   1.9611,   0.7610, 4
A,  812, GLY,  0.8131,   0.0738,   0.0942, 2
A,  813, LEU,  1.1614,   0.2679,   0.1854, 2
A,  814, ALA,  0.4967,  -0.1026,   0.0355, 0
A,  815, ARG,  1.4577,   0.4331,   0.2707, 0
A,  816, ASP,  0.4162,  -0.1474,   0.0254, 0
A,  817, ILE,  1.0237,   0.1911,   0.1473, 2
A,  818, LYS,  0.4659,  -0.1198,   0.0314, 0
A,  819, ASN,  0.0198,  -0.3684,   0.0005, 0
A,  820, ASP,  1.0426,   0.2017,   0.1524, 0
A,  821, SER,  0.2031,  -0.2662,   0.0070, 0
A,  822, ASN,  0.7857,   0.0585,   0.0880, 0
A,  823, TYR,  0.4600,  -0.1231,   0.0306, 2
A,  824, VAL,  0.1110,  -0.3176,   0.0027, 0
A,  825, ASP,  0.0338,  -0.3606,   0.0007, 0
A,  826, LYS,  0.2678,  -0.2302,   0.0114, 0
A,  827, GLY,  0.0243,  -0.3659,   0.0006, 0
A,  828, ASN,  0.0257,  -0.3652,   0.0006, 0
A,  829, ALA,  0.2054,  -0.2650,   0.0072, 0
A,  830, ARG,  0.4248,  -0.1427,   0.0264, 2
A,  831, LEU,  0.3042,  -0.2099,   0.0143, 0
A,  832, PRO,  0.2186,  -0.2576,   0.0080, 2
A,  833, VAL,  0.0823,  -0.3336,   0.0018, 0
A,  834, LYS,  0.2323,  -0.2500,   0.0089, 0
A,  835, TRP,  0.5063,  -0.0973,   0.0368, 0
A,  836, MET,  0.4537,  -0.1266,   0.0299, 0
A,  837, ALA,  0.2925,  -0.2164,   0.0134, 0
A,  838, PRO,  0.1405,  -0.3011,   0.0039, 0
A,  839, GLU,  0.1056,  -0.3206,   0.0025, 0
A,  840, SER,  0.2809,  -0.2229,   0.0124, 0
A,  841, ILE,  0.1287,  -0.3077,   0.0034, 0
A,  842, PHE,  0.2785,  -0.2242,   0.0122, 0
A,  843, ASN,  0.1090,  -0.3187,   0.0027, 0
A,  844, SER,  0.1479,  -0.2970,   0.0042, 0
A,  845, VAL,  0.1410,  -0.3008,   0.0039, 0
A,  846, TYR,  0.5096,  -0.0954,   0.0373, 0
A,  847, THR,  0.4211,  -0.1447,   0.0260, 0
A,  848, PHE,  0.6735,  -0.0041,   0.0645, 7
A,  849, GLU,  0.3818,  -0.1666,   0.0216, 7
A,  850, SER,  0.2134,  -0.2605,   0.0077, 0
A,  851, ASP,  0.3677,  -0.1745,   0.0202, 0
A,  852, VAL,  0.3677,  -0.1745,   0.0202, 7
A,  853, TRP,  0.1023,  -0.3225,   0.0024, 0
A,  854, SER,  0.2191,  -0.2573,   0.0080, 0
A,  855, TYR,  0.0000,  -0.3795,   0.0002, 0
A,  856, GLY,  0.0000,  -0.3795,   0.0002, 0
A,  857, ILE,  0.0411,  -0.3565,   0.0008, 0
A,  858, PHE,  0.0000,  -0.3795,   0.0002, 0
A,  859, LEU,  0.0000,  -0.3795,   0.0002, 0
A,  860, TRP,  0.2053,  -0.2650,   0.0072, 0
A,  861, GLU,  0.1613,  -0.2896,   0.0048, 0
A,  862, LEU,  0.0000,  -0.3795,   0.0002, 0
A,  863, PHE,  0.0236,  -0.3663,   0.0005, 0
A,  864, SER,  0.0900,  -0.3293,   0.0020, 0
A,  865, LEU,  0.0530,  -0.3499,   0.0011, 0
A,  866, GLY,  0.0425,  -0.3557,   0.0009, 0
A,  867, SER,  0.1163,  -0.3147,   0.0029, 0
A,  868, SER,  0.2528,  -0.2386,   0.0103, 0
A,  869, PRO,  0.2376,  -0.2470,   0.0092, 0
A,  870, TYR,  0.2387,  -0.2464,   0.0093, 0
A,  871, PRO,  0.3407,  -0.1896,   0.0176, 0
A,  872, GLY,  0.0845,  -0.3323,   0.0019, 0
A,  873, MET,  0.4754,  -0.1145,   0.0326, 0
A,  874, PRO,  0.0987,  -0.3245,   0.0023, 0
A,  875, VAL,  0.1454,  -0.2984,   0.0041, 0
A,  876, ASP,  0.0685,  -0.3413,   0.0014, 0
A,  877, SER,  0.0731,  -0.3387,   0.0016, 0
A,  878, LYS,  0.1957,  -0.2704,   0.0066, 0
A,  879, PHE,  0.0809,  -0.3344,   0.0018, 0
A,  880, TYR,  0.2493,  -0.2405,   0.0101, 0
A,  881, LYS,  0.0838,  -0.3328,   0.0018, 0
A,  882, MET,  0.4086,  -0.1517,   0.0245, 0
A,  883, ILE,  0.0938,  -0.3272,   0.0021, 0
A,  884, LYS,  0.2226,  -0.2554,   0.0082, 0
A,  885, GLU,  0.0969,  -0.3254,   0.0022, 0
A,  886, GLY,  0.0865,  -0.3313,   0.0019, 0
A,  887, PHE,  0.5459,  -0.0752,   0.0427, 0
A,  888, ARG,  0.2085,  -0.2632,   0.0074, 0
A,  889, MET,  0.2575,  -0.2359,   0.0106, 0
A,  890, SER,  0.2728,  -0.2274,   0.0118, 0
A,  891, SER,  0.1386,  -0.3022,   0.0038, 0
A,  892, PRO,  0.0705,  -0.3402,   0.0015, 0
A,  893, GLU,  0.1109,  -0.3177,   0.0027, 0
A,  894, TYR,  0.1429,  -0.2998,   0.0040, 0
A,  895, ALA,  0.0182,  -0.3693,   0.0005, 0
A,  896, PRO,  0.2296,  -0.2515,   0.0087, 0
A,  897, ALA,  0.0805,  -0.3346,   0.0018, 0
A,  898, GLU,  0.0457,  -0.3540,   0.0009, 0
A,  899, MET,  0.0136,  -0.3719,   0.0004, 0
A,  900, TYR,  0.1048,  -0.3210,   0.0025, 0
A,  901, ASP,  0.0615,  -0.3452,   0.0013, 0
A,  902, ILE,  0.0494,  -0.3519,   0.0010, 0
A,  903, MET,  0.0501,  -0.3515,   0.0010, 0
A,  904, LYS,  0.0913,  -0.3286,   0.0021, 0
A,  905, THR,  0.0860,  -0.3315,   0.0019, 0
A,  906, CYS,  0.0149,  -0.3711,   0.0004, 0
A,  907, TRP,  0.0528,  -0.3500,   0.0011, 0
A,  908, ASP,  0.0367,  -0.3590,   0.0008, 0
A,  909, ALA,  0.0858,  -0.3316,   0.0019, 0
A,  910, ASP,  0.0334,  -0.3608,   0.0007, 0
A,  911, PRO,  0.0787,  -0.3356,   0.0017, 0
A,  912, ASP,  0.0214,  -0.3675,   0.0005, 0
A,  913, LYS,  0.0289,  -0.3634,   0.0006, 0
A,  914, ARG,  0.0639,  -0.3438,   0.0013, 0
A,  915, PRO,  0.1275,  -0.3084,   0.0034, 0
A,  916, THR,  0.2815,  -0.2225,   0.0125, 7
A,  917, PHE,  0.4276,  -0.1411,   0.0267, 7
A,  918, LYS,  0.2481,  -0.2412,   0.0100, 7
A,  919, GLN,  0.0572,  -0.3476,   0.0012, 0
A,  920, ILE,  0.0251,  -0.3655,   0.0006, 0
A,  921, VAL,  0.0850,  -0.3321,   0.0019, 0
A,  922, GLN,  0.0185,  -0.3692,   0.0005, 0
A,  923, ASP,  0.0730,  -0.3387,   0.0016, 0
A,  924, ILE,  0.0471,  -0.3532,   0.0010, 0
A,  925, GLU,  0.1199,  -0.3126,   0.0031, 0
A,  926, LYS,  0.0522,  -0.3504,   0.0011, 0
A,  927, GLN,  0.1159,  -0.3148,   0.0029, 0
A,  928, ILE,  0.4672,  -0.1190,   0.0315, 0
A,  929, SER,  0.0591,  -0.3465,   0.0012, 0
A,  930, GLU,  0.0212,  -0.3677,   0.0005, 0
A,  931, SER,  0.1563,  -0.2924,   0.0046, 0
B,  572, ASP,  0.2325,  -0.2499,   0.0089, 0
B,  573, PRO,  0.3803,  -0.1675,   0.0215, 6
B,  574, THR,  0.0423,  -0.3559,   0.0009, 0
B,  575, GLN,  0.0165,  -0.3703,   0.0004, 0
B,  576, LEU,  0.3656,  -0.1757,   0.0200, 0
B,  577, PRO,  0.0773,  -0.3364,   0.0017, 0
B,  578, TYR,  0.3096,  -0.2069,   0.0148, 0
B,  579, ASP,  0.2161,  -0.2590,   0.0078, 0
B,  580, HIS,  0.3097,  -0.2068,   0.0148, 0
B,  581, LYS,  0.3941,  -0.1598,   0.0229, 0
B,  582, TRP,  0.7709,   0.0503,   0.0847, 0
B,  583, GLU,  0.3091,  -0.2072,   0.0147, 0
B,  584, PHE,  0.5302,  -0.0839,   0.0403, 0
B,  585, PRO,  0.0924,  -0.3280,   0.0021, 0
B,  586, ARG,  0.1692,  -0.2851,   0.0052, 0
B,  587, ASN,  0.1107,  -0.3178,   0.0027, 0
B,  588, ARG,  0.1025,  -0.3224,   0.0024, 0
B,  589, LEU,  0.3939,  -0.1599,   0.0229, 0
B,  590, SER,  0.1765,  -0.2811,   0.0056, 1
B,  591, PHE,  0.5378,  -0.0797,   0.0415, 0
B,  592, GLY,  0.2187,  -0.2576,   0.0080, 1
B,  593, LYS,  0.2110,  -0.2619,   0.0075, 0
B,  594, THR,  0.1534,  -0.2939,   0.0045, 0
B,  595, LEU,  4.2335,   1.9803,   0.7642, 3
B,  596, GLY,  1.6641,   0.5481,   0.3277, 0
B,  597, ALA,  0.4188,  -0.1460,   0.0257, 0
B,  598, GLY,  0.0499,  -0.3516,   0.0010, 0
B,  599, ALA,  0.1920,  -0.2724,   0.0064, 0
B,  600, PHE,  0.3285,  -0.1964,   0.0165, 0
B,  601, GLY,  0.0040,  -0.3772,   0.0003, 0
B,  602, LYS,  0.4231,  -0.1436,   0.0262, 0
B,  603, VAL,  3.5548,   1.6020,   0.6901, 3
B,  604, VAL,  0.1960,  -0.2702,   0.0066, 0
B,  605, GLU,  1.2428,   0.3133,   0.2084, 1
B,  606, ALA,  0.0873,  -0.3308,   0.0019, 0
B,  607, THR,  1.4415,   0.4240,   0.2659, 1
B,  608, ALA,  0.3549,  -0.1816,   0.0189, 0
B,  609, GLN,  0.1280,  -0.3081,   0.0034, 0
B,  610, GLY,  0.0717,  -0.3395,   0.0015, 0
B,  611, LEU,  0.5191,  -0.0901,   0.0387, 0
B,  612, ILE,  0.1573,  -0.2918,   0.0047, 0
B,  613, LYS,  0.1887,  -0.2743,   0.0062, 0
B,  614, SER,  0.7017,   0.0117,   0.0700, 0
B,  615, ASP,  0.5516,  -0.0720,   0.0435, 0
B,  616, ALA,  0.6860,   0.0029,   0.0669, 0
B,  617, ALA,  1.3352,   0.3648,   0.2350, 1
B,  618, MET,  2.7644,   1.1614,   0.5715, 1
B,  619, THR,  3.7913,   1.7338,   0.7190, 1
B,  620, VAL,  0.4694,  -0.1178,   0.0318, 0
B,  621, ALA,  3.4154,   1.5243,   0.6715, 3
B,  622, VAL,  0.6698,  -0.0061,   0.0637, 0
B,  623, LYS,  0.9467,   0.1482,   0.1270, 3
B,  624, MET,  0.6763,  -0.0025,   0.0650, 0
B,  625, LEU,  0.6450,  -0.0200,   0.0591, 0
B,  626, LYS,  0.4065,  -0.1529,   0.0243, 0
B,  627, PRO,  0.1807,  -0.2787,   0.0058, 0
B,  628, SER,  0.0722,  -0.3392,   0.0015, 0
B,  629, ALA,  0.2244,  -0.2544,   0.0084, 0
B,  630, HIS,  0.1445,  -0.2989,   0.0041, 0
B,  631, SER,  0.0202,  -0.3682,   0.0005, 0
B,  632, THR,  0.0871,  -0.3309,   0.0019, 0
B,  633, GLU,  0.4728,  -0.1159,   0.0323, 0
B,  634, ARG,  0.6038,  -0.0429,   0.0519, 0
B,  635, GLU,  0.0648,  -0.3434,   0.0013, 0
B,  636, ALA,  0.5901,  -0.0505,   0.0497, 0
B,  637, LEU,  0.5595,  -0.0676,   0.0447, 0
B,  638, MET,  0.3865,  -0.1640,   0.0221, 0
B,  639, SER,  0.1154,  -0.3151,   0.0029, 6
B,  640, GLU,  1.3336,   0.3639,   0.2345, 6
B,  641, LEU,  0.0032,  -0.3777,   0.0003, 0
B,  642, LYS,  0.2484,  -0.2410,   0.0100, 0
B,  643, VAL,  2.1158,   0.7999,   0.4399, 6
B,  644, LEU,  2.0756,   0.7775,   0.4310, 6
B,  645, SER,  0.2405,  -0.2454,   0.0095, 0
B,  646, TYR,  0.3853,  -0.1647,   0.0220, 0
B,  647, LEU,  2.0870,   0.7838,   0.4336, 6
B,  648, GLY,  0.3193,  -0.2015,   0.0156, 0
B,  649, ASN,  0.4582,  -0.1241,   0.0304, 1
B,  650, HIS,  0.4359,  -0.1365,   0.0278, 0
B,  651, GLU,  0.3462,  -0.1865,   0.0181, 1
B,  652, ASN,  0.1573,  -0.2918,   0.0047, 0
B,  653, ILE,  1.4511,   0.4294,   0.2687, 6
B,  654, VAL,  2.4788,   1.0023,   0.5179, 3
B,  655, ASN,  0.4560,  -0.1253,   0.0301, 1
B,  656, LEU,  0.2245,  -0.2543,   0.0084, 0
B,  657, LEU,  0.8311,   0.0838,   0.0985, 1
B,  658, GLY,  0.5133,  -0.0933,   0.0378, 0
B,  659, ALA,  0.3913,  -0.1613,   0.0226, 0
B,  660, CYS,  0.0726,  -0.3390,   0.0015, 0
B,  661, THR,  0.3813,  -0.1669,   0.0216, 0
B,  662, HIS,  0.3227,  -0.1996,   0.0159, 0
B,  663, GLY,  0.0829,  -0.3333,   0.0018, 0
B,  664, GLY,  0.3781,  -0.1687,   0.0212, 0
B,  665, PRO,  0.6710,  -0.0055,   0.0640, 0
B,  666, THR,  0.5651,  -0.0645,   0.0456, 0
B,  667, LEU,  0.3277,  -0.1968,   0.0164, 0
B,  668, VAL,  0.2458,  -0.2424,   0.0098, 3
B,  669, ILE,  0.3199,  -0.2011,   0.0157, 0
B,  670, THR,  2.3426,   0.9263,   0.4897, 3
B,  671, GLU,  3.5504,   1.5995,   0.6896, 1
B,  672, TYR,  4.1791,   1.9500,   0.7591, 1
B,  673, CYS,  3.0820,   1.3385,   0.6237, 3
B,  674, CYS,  3.5148,   1.5797,   0.6848, 1
B,  675, TYR,  2.9965,   1.2908,   0.6107, 5
B,  676, GLY,  1.6798,   0.5568,   0.3320, 3
B,  677, ASP,  2.5075,   1.0182,   0.5235, 3
B,  678, LEU,  0.0092,  -0.3743,   0.0003, 0
B,  679, LEU,  0.7327,   0.0290,   0.0765, 0
B,  680, ASN,  1.3184,   0.3554,   0.2302, 0
B,  681, PHE,  0.5508,  -0.0724,   0.0434, 5
B,  682, LEU,  0.0235,  -0.3664,   0.0005, 0
B,  683, ARG,  0.7699,   0.0497,   0.0845, 0
B,  684, ARG,  1.5313,   0.4741,   0.2914, 5
B,  685, LYS,  0.7528,   0.0401,   0.0807, 5
B,  686, ARG,  0.3355,  -0.1925,   0.0171, 0
B,  687, ASP,  0.1247,  -0.3100,   0.0032, 0
B,  688, GLU,  0.3737,  -0.1712,   0.0208, 5
B,  689, PHE,  0.0596,  -0.3462,   0.0012, 0
B,  690, VAL,  0.0685,  -0.3413,   0.0014, 0
B,  691, PRO,  0.0877,  -0.3306,   0.0020, 0
B,  692, TYR,  0.2895,  -0.2181,   0.0131, 0
B,  693, LYS,  0.1192,  -0.3130,   0.0030, 0
B,  762, ASP,  1.6708,   0.5518,   0.3296, 5
B,  763, PHE,  0.2301,  -0.2512,   0.0087, 0
B,  764, LEU,  0.0144,  -0.3714,   0.0004, 0
B,  765, THR,  0.0464,  -0.3536,   0.0009, 0
B,  766, LEU,  0.2302,  -0.2512,   0.0087, 0
B,  767, GLU,  0.1683,  -0.2856,   0.0052, 0
B,  768, HIS,  0.0901,  -0.3293,   0.0020, 0
B,  769, LEU,  0.0014,  -0.3787,   0.0002, 0
B,  770, LEU,  0.3398,  -0.1900,   0.0176, 0
B,  771, SER,  0.3478,  -0.1856,   0.0183, 0
B,  772, PHE,  0.1410,  -0.3009,   0.0039, 0
B,  773, SER,  0.0000,  -0.3795,   0.0002, 0
B,  774, TYR,  0.3903,  -0.1619,   0.0225, 0
B,  775, GLN,  0.2042,  -0.2656,   0.0071, 0
B,  776, VAL,  0.0000,  -0.3795,   0.0002, 0
B,  777, ALA,  0.0864,  -0.3313,   0.0019, 0
B,  778, LYS,  0.3457,  -0.1868,   0.0181, 0
B,  779, GLY,  0.0916,  -0.3284,   0.0021, 0
B,  780, MET,  0.1724,  -0.2834,   0.0054, 0
B,  781, ALA,  0.2922,  -0.2166,   0.0133, 0
B,  782, PHE,  0.3262,  -0.1976,   0.0163, 0
B,  783, LEU,  1.8605,   0.6576,   0.3791, 6
B,  784, ALA,  0.2200,  -0.2569,   0.0081, 8
B,  785, SER,  0.2937,  -0.2157,   0.0135, 0
B,  786, LYS,  0.3589,  -0.1794,   0.0193, 0
B,  787, ASN,  0.5421,  -0.0773,   0.0421, 0
B,  788, CYS,  2.0640,   0.7710,   0.4283, 6
B,  789, ILE,  1.1142,   0.2416,   0.1722, 6
B,  790, HIS,  1.8200,   0.6350,   0.3688, 6
B,  791, ARG,  0.8565,   0.0980,   0.1044, 0
B,  792, ASP,  1.2870,   0.3379,   0.2212, 0
B,  793, LEU,  0.0678,  -0.3416,   0.0014, 0
B,  794, ALA,  0.0940,  -0.3271,   0.0021, 0
B,  795, ALA,  0.0861,  -0.3315,   0.0019, 0
B,  796, ARG,  1.0487,   0.2051,   0.1540, 0
B,  797, ASN,  0.7023,   0.0120,   0.0701, 0
B,  798, ILE,  0.0000,  -0.3795,   0.0002, 0
B,  799, LEU,  3.7068,   1.6867,   0.7090, 3
B,  800, LEU,  0.1345,  -0.3045,   0.0036, 5
B,  801, THR,  2.6731,   1.1105,   0.5548, 1
B,  802, HIS,  4.3105,   2.0232,   0.7712, 1
B,  803, GLY,  1.3903,   0.3955,   0.2509, 0
B,  804, ASN,  1.0652,   0.2143,   0.1586, 5
B,  805, ILE,  0.3324,  -0.1942,   0.0168, 1
B,  806, THR,  0.0000,  -0.3794,   0.0002, 0
B,  807, LYS,  0.7318,   0.0285,   0.0763, 1
B,  808, ILE,  1.6015,   0.5132,   0.3107, 6
B,  809, CYS,  3.8245,   1.7523,   0.7228, 3
B,  810, ASP,  3.0561,   1.3240,   0.6198, 3
B,  811, PHE,  5.7536,   2.8276,   0.8685, 3
B,  812, GLY,  1.7103,   0.5739,   0.3403, 0
B,  813, LEU,  1.6460,   0.5380,   0.3228, 0
B,  814, ALA,  0.9327,   0.1404,   0.1235, 0
B,  815, ARG,  1.9079,   0.6840,   0.3909, 0
B,  816, ASP,  0.1379,  -0.3026,   0.0038, 0
B,  817, ILE,  1.2393,   0.3113,   0.2074, 0
B,  818, LYS,  0.2418,  -0.2447,   0.0095, 0
B,  819, ASN,  0.0123,  -0.3726,   0.0004, 0
B,  820, ASP,  0.8829,   0.1127,   0.1109, 0
B,  821, SER,  0.2779,  -0.2246,   0.0122, 0
B,  822, ASN,  0.6822,   0.0008,   0.0662, 0
B,  823, TYR,  1.2162,   0.2985,   0.2010, 0
B,  824, VAL,  0.1819,  -0.2781,   0.0059, 0
B,  825, ASP,  0.0329,  -0.3611,   0.0007, 0
B,  826, LYS,  0.1581,  -0.2914,   0.0047, 0
B,  827, GLY,  0.0293,  -0.3632,   0.0006, 0
B,  828, ASN,  0.0335,  -0.3608,   0.0007, 0
B,  829, ALA,  0.1242,  -0.3102,   0.0032, 0
B,  830, ARG,  0.4358,  -0.1365,   0.0277, 0
B,  831, LEU,  0.4790,  -0.1125,   0.0331, 0
B,  832, PRO,  0.5825,  -0.0548,   0.0485, 0
B,  833, VAL,  0.1890,  -0.2741,   0.0062, 0
B,  834, LYS,  0.5233,  -0.0878,   0.0393, 0
B,  835, TRP,  0.5664,  -0.0637,   0.0458, 0
B,  836, MET,  0.4884,  -0.1072,   0.0343, 0
B,  837, ALA,  0.2855,  -0.2203,   0.0128, 0
B,  838, PRO,  0.1410,  -0.3009,   0.0039, 0
B,  839, GLU,  0.0434,  -0.3552,   0.0009, 0
B,  840, SER,  0.2028,  -0.2664,   0.0070, 0
B,  841, ILE,  0.2005,  -0.2677,   0.0069, 0
B,  842, PHE,  0.1276,  -0.3083,   0.0034, 0
B,  843, ASN,  0.0600,  -0.3460,   0.0012, 0
B,  844, SER,  0.1222,  -0.3113,   0.0031, 0
B,  845, VAL,  0.1073,  -0.3196,   0.0026, 0
B,  846, TYR,  0.5739,  -0.0596,   0.0470, 0
B,  847, THR,  0.1155,  -0.3151,   0.0029, 0
B,  848, PHE,  0.3499,  -0.1844,   0.0185, 8
B,  849, GLU,  0.1250,  -0.3098,   0.0033, 8
B,  850, SER,  0.1719,  -0.2837,   0.0053, 0
B,  851, ASP,  0.1664,  -0.2867,   0.0051, 0
B,  852, VAL,  0.1860,  -0.2758,   0.0061, 0
B,  853, TRP,  0.3114,  -0.2059,   0.0149, 0
B,  854, SER,  0.1664,  -0.2867,   0.0051, 0
B,  855, TYR,  0.0000,  -0.3795,   0.0002, 0
B,  856, GLY,  0.0000,  -0.3795,   0.0002, 0
B,  857, ILE,  0.2500,  -0.2401,   0.0101, 0
B,  858, PHE,  0.0000,  -0.3795,   0.0002, 0
B,  859, LEU,  0.0000,  -0.3795,   0.0002, 0
B,  860, TRP,  0.2826,  -0.2219,   0.0126, 0
B,  861, GLU,  0.1320,  -0.3059,   0.0035, 0
B,  862, LEU,  0.0000,  -0.3795,   0.0002, 0
B,  863, PHE,  0.0519,  -0.3505,   0.0011, 0
B,  864, SER,  0.2411,  -0.2451,   0.0095, 0
B,  865, LEU,  0.1323,  -0.3057,   0.0036, 0
B,  866, GLY,  0.1170,  -0.3142,   0.0029, 0
B,  867, SER,  0.3299,  -0.1956,   0.0166, 0
B,  868, SER,  0.2986,  -0.2130,   0.0139, 0
B,  869, PRO,  0.2655,  -0.2315,   0.0112, 0
B,  870, TYR,  0.4582,  -0.1240,   0.0304, 0
B,  871, PRO,  0.4074,  -0.1524,   0.0244, 0
B,  872, GLY,  0.0727,  -0.3389,   0.0015, 0
B,  873, MET,  0.4765,  -0.1138,   0.0327, 0
B,  874, PRO,  0.1119,  -0.3171,   0.0028, 0
B,  875, VAL,  0.2139,  -0.2603,   0.0077, 0
B,  876, ASP,  0.0563,  -0.3481,   0.0012, 0
B,  877, SER,  0.1020,  -0.3226,   0.0024, 0
B,  878, LYS,  0.1875,  -0.2749,   0.0062, 0
B,  879, PHE,  0.1367,  -0.3033,   0.0037, 0
B,  880, TYR,  0.1318,  -0.3060,   0.0035, 0
B,  881, LYS,  0.1033,  -0.3219,   0.0025, 0
B,  882, MET,  0.3642,  -0.1764,   0.0198, 0
B,  883, ILE,  0.2778,  -0.2246,   0.0122, 0
B,  884, LYS,  0.0880,  -0.3304,   0.0020, 0
B,  885, GLU,  0.0966,  -0.3256,   0.0022, 0
B,  886, GLY,  0.0917,  -0.3283,   0.0021, 0
B,  887, PHE,  0.5876,  -0.0519,   0.0493, 0
B,  888, ARG,  0.4104,  -0.1507,   0.0247, 0
B,  889, MET,  0.3028,  -0.2107,   0.0142, 0
B,  890, SER,  0.2087,  -0.2631,   0.0074, 0
B,  891, SER,  0.1639,  -0.2881,   0.0050, 0
B,  892, PRO,  0.1903,  -0.2734,   0.0063, 0
B,  893, GLU,  0.1921,  -0.2724,   0.0064, 0
B,  894, TYR,  0.1241,  -0.3103,   0.0032, 0
B,  895, ALA,  0.0319,  -0.3617,   0.0007, 0
B,  896, PRO,  0.1943,  -0.2712,   0.0065, 0
B,  897, ALA,  0.1118,  -0.3171,   0.0028, 0
B,  898, GLU,  0.0983,  -0.3247,   0.0023, 0
B,  899, MET,  0.0219,  -0.3673,   0.0005, 0
B,  900, TYR,  0.1008,  -0.3233,   0.0024, 0
B,  901, ASP,  0.0880,  -0.3304,   0.0020, 0
B,  902, ILE,  0.1292,  -0.3075,   0.0034, 0
B,  903, MET,  0.0931,  -0.3276,   0.0021, 0
B,  904, LYS,  0.1097,  -0.3183,   0.0027, 0
B,  905, THR,  0.2067,  -0.2643,   0.0072, 0
B,  906, CYS,  0.0000,  -0.3795,   0.0002, 0
B,  907, TRP,  0.2198,  -0.2569,   0.0081, 0
B,  908, ASP,  0.0567,  -0.3479,   0.0012, 0
B,  909, ALA,  0.0734,  -0.3385,   0.0016, 0
B,  910, ASP,  0.0246,  -0.3657,   0.0006, 0
B,  911, PRO,  0.0782,  -0.3359,   0.0017, 0
B,  912, ASP,  0.0415,  -0.3563,   0.0008, 0
B,  913, LYS,  0.0397,  -0.3573,   0.0008, 0
B,  914, ARG,  0.0894,  -0.3297,   0.0020, 0
B,  915, PRO,  0.2148,  -0.2597,   0.0077, 0
B,  916, THR,  0.2499,  -0.2401,   0.0101, 8
B,  917, PHE,  0.2450,  -0.2429,   0.0098, 8
B,  918, LYS,  0.2189,  -0.2574,   0.0080, 8
B,  919, GLN,  0.0658,  -0.3428,   0.0014, 0
B,  920, ILE,  0.0760,  -0.3371,   0.0016, 0
B,  921, VAL,  0.0911,  -0.3287,   0.0021, 0
B,  922, GLN,  0.0372,  -0.3587,   0.0008, 0
B,  923, ASP,  0.1499,  -0.2959,   0.0043, 0
B,  924, ILE,  0.0058,  -0.3762,   0.0003, 0
B,  925, GLU,  0.0505,  -0.3513,   0.0010, 0
B,  926, LYS,  0.0159,  -0.3706,   0.0004, 0
B,  927, GLN,  0.1524,  -0.2945,   0.0044, 0
B,  928, ILE,  0.3368,  -0.1917,   0.0173, 0
B,  929, SER,  0.0211,  -0.3677,   0.0005, 0
B,  930, GLU,  0.0186,  -0.3691,   0.0005, 0
B,  931, SER,  0.1860,  -0.2758,   0.0061, 0
