chain, residue_label, residue_name, score, zscore, probability, pocket
A,    2, SER,  0.0111,  -0.3733,   0.0004, 0
A,    3, GLY,  0.0390,  -0.3577,   0.0008, 0
A,    4, PRO,  0.0886,  -0.3301,   0.0020, 0
A,    5, VAL,  0.0277,  -0.3640,   0.0006, 0
A,    6, PRO,  0.0605,  -0.3457,   0.0013, 0
A,    7, SER,  0.0971,  -0.3253,   0.0022, 0
A,    8, ARG,  0.1130,  -0.3165,   0.0028, 0
A,    9, ALA,  0.2930,  -0.2161,   0.0134, 0
A,   10, ARG,  0.2945,  -0.2153,   0.0135, 0
A,   11, VAL,  0.5289,  -0.0846,   0.0401, 0
A,   12, TYR,  0.2789,  -0.2240,   0.0122, 0
A,   13, THR,  0.0490,  -0.3522,   0.0010, 0
A,   14, ASP,  0.0506,  -0.3513,   0.0010, 0
A,   15, VAL,  0.0622,  -0.3448,   0.0013, 0
A,   16, ASN,  0.0589,  -0.3466,   0.0012, 0
A,   17, THR,  0.1298,  -0.3071,   0.0034, 0
A,   18, HIS,  0.0337,  -0.3607,   0.0007, 0
A,   19, ARG,  0.1671,  -0.2863,   0.0051, 0
A,   20, PRO,  0.0452,  -0.3543,   0.0009, 0
A,   21, ARG,  0.0801,  -0.3348,   0.0017, 0
A,   22, GLU,  0.1489,  -0.2965,   0.0043, 0
A,   23, TYR,  0.1818,  -0.2781,   0.0058, 0
A,   24, TRP,  0.3864,  -0.1641,   0.0221, 12
A,   25, ASP,  0.1732,  -0.2829,   0.0054, 12
A,   26, TYR,  0.8159,   0.0753,   0.0949, 12
A,   27, GLU,  0.4434,  -0.1323,   0.0286, 12
A,   28, SER,  0.1176,  -0.3139,   0.0030, 0
A,   29, HIS,  0.3869,  -0.1638,   0.0222, 0
A,   30, VAL,  0.5619,  -0.0662,   0.0451, 6
A,   31, VAL,  1.1418,   0.2570,   0.1798, 6
A,   32, GLU,  1.1672,   0.2712,   0.1871, 5
A,   33, TRP,  1.8596,   0.6571,   0.3789, 6
A,   34, GLY,  0.8713,   0.1062,   0.1081, 5
A,   35, ASN,  1.2821,   0.3352,   0.2197, 5
A,   36, GLN,  0.3542,  -0.1820,   0.0189, 0
A,   37, ASP,  0.5799,  -0.0562,   0.0481, 5
A,   38, ASP,  1.8942,   0.6764,   0.3876, 5
A,   39, TYR,  0.6400,  -0.0227,   0.0582, 5
A,   40, GLN,  0.0265,  -0.3647,   0.0006, 0
A,   41, LEU,  0.2381,  -0.2467,   0.0093, 0
A,   42, VAL,  0.0284,  -0.3636,   0.0006, 0
A,   43, ARG,  0.0984,  -0.3246,   0.0023, 0
A,   44, LYS,  0.0688,  -0.3411,   0.0014, 0
A,   45, LEU,  1.9936,   0.7318,   0.4120, 2
A,   46, GLY,  0.0713,  -0.3397,   0.0015, 2
A,   47, ARG,  0.0912,  -0.3287,   0.0021, 0
A,   48, GLY,  0.0770,  -0.3365,   0.0017, 2
A,   49, LYS,  1.9134,   0.6870,   0.3922, 0
A,   50, TYR,  1.9085,   0.6843,   0.3911, 0
A,   51, SER,  0.8664,   0.1035,   0.1069, 2
A,   52, GLU,  0.1675,  -0.2861,   0.0051, 0
A,   53, VAL,  2.9162,   1.2460,   0.5974, 2
A,   54, PHE,  0.4054,  -0.1535,   0.0242, 0
A,   55, GLU,  0.0852,  -0.3320,   0.0019, 0
A,   56, ALA,  0.0067,  -0.3757,   0.0003, 0
A,   57, ILE,  0.0137,  -0.3718,   0.0004, 0
A,   58, ASN,  0.3766,  -0.1696,   0.0211, 0
A,   59, ILE,  0.0108,  -0.3734,   0.0004, 0
A,   60, THR,  0.7673,   0.0482,   0.0839, 5
A,   61, ASN,  0.3690,  -0.1738,   0.0203, 0
A,   62, ASN,  0.0053,  -0.3765,   0.0003, 0
A,   63, GLU,  0.2059,  -0.2647,   0.0072, 0
A,   64, LYS,  0.1913,  -0.2728,   0.0064, 0
A,   65, VAL,  0.3623,  -0.1775,   0.0196, 0
A,   66, VAL,  2.6746,   1.1113,   0.5551, 2
A,   67, VAL,  0.1180,  -0.3137,   0.0030, 0
A,   68, LYS,  1.9770,   0.7225,   0.4079, 2
A,   69, ILE,  0.2900,  -0.2178,   0.0132, 0
A,   70, LEU,  0.8804,   0.1113,   0.1103, 0
A,   71, LYS,  0.2303,  -0.2511,   0.0087, 0
A,   72, PRO,  0.2911,  -0.2172,   0.0133, 6
A,   73, VAL,  0.3089,  -0.2073,   0.0147, 0
A,   74, LYS,  0.5495,  -0.0732,   0.0432, 0
A,   75, LYS,  1.5856,   0.5044,   0.3063, 6
A,   76, LYS,  0.3795,  -0.1680,   0.0214, 0
A,   77, LYS,  1.4271,   0.4160,   0.2617, 0
A,   78, ILE,  0.8788,   0.1104,   0.1099, 6
A,   79, LYS,  1.3920,   0.3964,   0.2514, 6
A,   80, ARG,  1.0357,   0.1978,   0.1505, 0
A,   81, GLU,  1.0308,   0.1951,   0.1492, 0
A,   82, ILE,  0.0474,  -0.3530,   0.0010, 0
A,   83, LYS,  0.1766,  -0.2810,   0.0056, 0
A,   84, ILE,  0.0000,  -0.3795,   0.0002, 0
A,   85, LEU,  0.0088,  -0.3745,   0.0003, 0
A,   86, GLU,  0.1749,  -0.2820,   0.0055, 0
A,   87, ASN,  0.1294,  -0.3073,   0.0034, 0
A,   88, LEU,  0.0258,  -0.3651,   0.0006, 0
A,   89, ARG,  0.0422,  -0.3560,   0.0009, 0
A,   90, GLY,  0.0538,  -0.3495,   0.0011, 0
A,   91, GLY,  0.0496,  -0.3518,   0.0010, 0
A,   92, PRO,  0.0907,  -0.3289,   0.0020, 0
A,   93, ASN,  0.0543,  -0.3492,   0.0011, 0
A,   94, ILE,  0.0122,  -0.3727,   0.0004, 0
A,   95, ILE,  0.5077,  -0.0964,   0.0370, 2
A,   96, THR,  0.0553,  -0.3486,   0.0011, 0
A,   97, LEU,  0.0105,  -0.3736,   0.0004, 0
A,   98, ALA,  0.4068,  -0.1527,   0.0243, 0
A,   99, ASP,  1.0934,   0.2300,   0.1663, 5
A,  100, ILE,  0.4252,  -0.1424,   0.0264, 0
A,  101, VAL,  0.7812,   0.0560,   0.0870, 0
A,  102, LYS,  1.5439,   0.4811,   0.2949, 6
A,  103, ASP,  0.4718,  -0.1165,   0.0321, 0
A,  104, PRO,  0.3871,  -0.1637,   0.0222, 0
A,  105, VAL,  0.7389,   0.0324,   0.0778, 0
A,  106, SER,  0.3389,  -0.1906,   0.0175, 0
A,  107, ARG,  0.8289,   0.0826,   0.0980, 0
A,  108, THR,  0.2011,  -0.2674,   0.0069, 0
A,  109, PRO,  0.4694,  -0.1178,   0.0318, 0
A,  110, ALA,  0.0855,  -0.3318,   0.0019, 0
A,  111, LEU,  0.0000,  -0.3795,   0.0002, 0
A,  112, VAL,  0.3007,  -0.2119,   0.0140, 0
A,  113, PHE,  1.6587,   0.5451,   0.3263, 2
A,  114, GLU,  0.5265,  -0.0860,   0.0398, 2
A,  115, HIS,  0.4580,  -0.1241,   0.0304, 2
A,  116, VAL,  0.5838,  -0.0541,   0.0487, 2
A,  117, ASN,  0.1393,  -0.3018,   0.0039, 0
A,  118, ASN,  0.5242,  -0.0873,   0.0394, 2
A,  119, THR,  0.2221,  -0.2557,   0.0082, 4
A,  120, ASP,  0.2351,  -0.2484,   0.0091, 0
A,  121, PHE,  2.6283,   1.0855,   0.5466, 4
A,  122, LYS,  0.7416,   0.0339,   0.0783, 0
A,  123, GLN,  0.0530,  -0.3499,   0.0011, 0
A,  124, LEU,  1.8894,   0.6737,   0.3864, 4
A,  125, TYR,  1.7311,   0.5855,   0.3459, 4
A,  126, GLN,  0.1320,  -0.3059,   0.0035, 0
A,  127, THR,  0.0835,  -0.3329,   0.0018, 0
A,  128, LEU,  1.9696,   0.7184,   0.4060, 4
A,  129, THR,  0.0625,  -0.3446,   0.0013, 0
A,  130, ASP,  0.0196,  -0.3685,   0.0005, 0
A,  131, TYR,  0.2819,  -0.2223,   0.0125, 0
A,  132, ASP,  0.1597,  -0.2905,   0.0048, 0
A,  133, ILE,  0.2057,  -0.2648,   0.0072, 0
A,  134, ARG,  0.0308,  -0.3623,   0.0007, 0
A,  135, PHE,  0.2741,  -0.2267,   0.0119, 0
A,  136, TYR,  0.5167,  -0.0915,   0.0383, 4
A,  137, MET,  0.0565,  -0.3480,   0.0012, 0
A,  138, TYR,  0.2272,  -0.2528,   0.0085, 0
A,  139, GLU,  0.1335,  -0.3050,   0.0036, 0
A,  140, ILE,  0.4433,  -0.1324,   0.0286, 0
A,  141, LEU,  0.0104,  -0.3737,   0.0004, 0
A,  142, LYS,  0.1740,  -0.2825,   0.0055, 0
A,  143, ALA,  0.0088,  -0.3746,   0.0003, 0
A,  144, LEU,  0.0003,  -0.3793,   0.0002, 0
A,  145, ASP,  0.1611,  -0.2897,   0.0048, 0
A,  146, TYR,  0.1043,  -0.3213,   0.0025, 0
A,  147, CYS,  0.0019,  -0.3784,   0.0003, 0
A,  148, HIS,  0.4039,  -0.1543,   0.0240, 0
A,  149, SER,  0.1618,  -0.2893,   0.0049, 0
A,  150, MET,  0.1711,  -0.2841,   0.0053, 0
A,  151, GLY,  0.0015,  -0.3786,   0.0003, 0
A,  152, ILE,  0.0000,  -0.3795,   0.0002, 0
A,  153, MET,  0.0000,  -0.3795,   0.0002, 0
A,  154, HIS,  0.0000,  -0.3795,   0.0002, 0
A,  155, ARG,  0.7167,   0.0200,   0.0731, 0
A,  156, ASP,  1.0377,   0.1989,   0.1510, 0
A,  157, VAL,  0.0000,  -0.3795,   0.0002, 0
A,  158, LYS,  1.2918,   0.3406,   0.2225, 2
A,  159, PRO,  2.3314,   0.9200,   0.4873, 4
A,  160, HIS,  1.2710,   0.3290,   0.2166, 2
A,  161, ASN,  0.8162,   0.0755,   0.0949, 2
A,  162, VAL,  0.9390,   0.1439,   0.1250, 4
A,  163, MET,  2.6561,   1.1011,   0.5517, 2
A,  164, ILE,  1.4476,   0.4274,   0.2677, 4
A,  165, ASP,  0.0516,  -0.3507,   0.0011, 0
A,  166, HIS,  0.0519,  -0.3505,   0.0011, 0
A,  167, GLU,  0.0662,  -0.3425,   0.0014, 0
A,  168, HIS,  0.0686,  -0.3412,   0.0014, 0
A,  169, ARG,  0.2487,  -0.2408,   0.0100, 0
A,  170, LYS,  0.0728,  -0.3389,   0.0015, 0
A,  171, LEU,  0.2805,  -0.2231,   0.0124, 0
A,  172, ARG,  0.0462,  -0.3537,   0.0009, 0
A,  173, LEU,  0.0073,  -0.3754,   0.0003, 0
A,  174, ILE,  2.9835,   1.2835,   0.6086, 2
A,  175, ASP,  2.2392,   0.8687,   0.4679, 2
A,  176, TRP,  0.6684,  -0.0069,   0.0635, 0
A,  177, GLY,  1.0901,   0.2282,   0.1654, 0
A,  178, LEU,  1.3861,   0.3932,   0.2497, 0
A,  179, ALA,  0.0674,  -0.3419,   0.0014, 0
A,  180, GLU,  0.8247,   0.0802,   0.0970, 12
A,  181, PHE,  0.1093,  -0.3185,   0.0027, 12
A,  182, TYR,  0.1264,  -0.3090,   0.0033, 0
A,  183, HIS,  0.3890,  -0.1626,   0.0224, 12
A,  184, PRO,  0.1395,  -0.3017,   0.0039, 0
A,  185, GLY,  0.0619,  -0.3450,   0.0013, 0
A,  186, GLN,  0.5232,  -0.0878,   0.0393, 12
A,  187, GLU,  0.1210,  -0.3120,   0.0031, 0
A,  188, TYR,  0.2977,  -0.2135,   0.0138, 0
A,  189, ASN,  0.6049,  -0.0423,   0.0521, 0
A,  190, VAL,  0.2570,  -0.2362,   0.0106, 0
A,  191, ARG,  0.5530,  -0.0712,   0.0437, 0
A,  192, VAL,  0.3336,  -0.1935,   0.0169, 0
A,  193, ALA,  0.3547,  -0.1818,   0.0189, 0
A,  194, SER,  1.1570,   0.2655,   0.1842, 7
A,  195, ARG,  0.2280,  -0.2524,   0.0086, 7
A,  196, TYR,  0.5206,  -0.0893,   0.0389, 7
A,  197, PHE,  0.3457,  -0.1868,   0.0181, 7
A,  198, LYS,  0.2417,  -0.2447,   0.0095, 0
A,  199, GLY,  0.0070,  -0.3755,   0.0003, 0
A,  200, PRO,  0.0000,  -0.3795,   0.0002, 0
A,  201, GLU,  0.0000,  -0.3795,   0.0002, 0
A,  202, LEU,  0.2422,  -0.2445,   0.0096, 0
A,  203, LEU,  0.2563,  -0.2366,   0.0105, 0
A,  204, VAL,  0.2018,  -0.2670,   0.0070, 0
A,  205, ASP,  0.2312,  -0.2506,   0.0088, 0
A,  206, TYR,  0.0808,  -0.3344,   0.0018, 0
A,  207, GLN,  0.1174,  -0.3140,   0.0030, 0
A,  208, MET,  0.1001,  -0.3236,   0.0023, 0
A,  209, TYR,  0.0757,  -0.3373,   0.0016, 0
A,  210, ASP,  0.5101,  -0.0951,   0.0373, 0
A,  211, TYR,  0.4642,  -0.1207,   0.0312, 0
A,  212, SER,  0.4750,  -0.1147,   0.0325, 0
A,  213, LEU,  0.1451,  -0.2986,   0.0041, 0
A,  214, ASP,  0.0000,  -0.3795,   0.0002, 0
A,  215, MET,  0.4314,  -0.1390,   0.0272, 0
A,  216, TRP,  0.0000,  -0.3795,   0.0002, 0
A,  217, SER,  0.0777,  -0.3362,   0.0017, 0
A,  218, LEU,  0.0000,  -0.3795,   0.0002, 0
A,  219, GLY,  0.0000,  -0.3795,   0.0002, 0
A,  220, CYS,  0.1774,  -0.2806,   0.0056, 0
A,  221, MET,  2.3830,   0.9488,   0.4983, 4
A,  222, LEU,  0.0000,  -0.3795,   0.0002, 0
A,  223, ALA,  0.0000,  -0.3795,   0.0002, 0
A,  224, SER,  1.3830,   0.3914,   0.2488, 0
A,  225, MET,  2.4427,   0.9821,   0.5105, 4
A,  226, ILE,  0.0639,  -0.3439,   0.0013, 0
A,  227, PHE,  0.0570,  -0.3477,   0.0012, 0
A,  228, ARG,  0.1852,  -0.2762,   0.0060, 0
A,  229, LYS,  1.4266,   0.4157,   0.2615, 0
A,  230, GLU,  1.0812,   0.2232,   0.1630, 4
A,  231, PRO,  0.5382,  -0.0795,   0.0415, 0
A,  232, PHE,  1.2416,   0.3126,   0.2081, 0
A,  233, PHE,  0.8281,   0.0821,   0.0978, 0
A,  234, HIS,  0.8535,   0.0963,   0.1037, 0
A,  235, GLY,  0.1324,  -0.3057,   0.0036, 0
A,  236, HIS,  0.2037,  -0.2659,   0.0071, 0
A,  237, ASP,  0.0585,  -0.3469,   0.0012, 0
A,  238, ASN,  0.4163,  -0.1474,   0.0254, 0
A,  239, TYR,  0.3632,  -0.1770,   0.0197, 0
A,  240, ASP,  0.0327,  -0.3612,   0.0007, 0
A,  241, GLN,  0.0000,  -0.3795,   0.0002, 0
A,  242, LEU,  0.0000,  -0.3795,   0.0002, 0
A,  243, VAL,  0.0326,  -0.3613,   0.0007, 0
A,  244, ARG,  0.9733,   0.1631,   0.1340, 0
A,  245, ILE,  0.1047,  -0.3211,   0.0025, 0
A,  246, ALA,  0.0255,  -0.3653,   0.0006, 0
A,  247, LYS,  0.5133,  -0.0934,   0.0378, 0
A,  248, VAL,  0.9694,   0.1609,   0.1330, 0
A,  249, LEU,  0.2951,  -0.2150,   0.0136, 0
A,  250, GLY,  0.0100,  -0.3739,   0.0004, 0
A,  251, THR,  0.0490,  -0.3521,   0.0010, 0
A,  252, GLU,  0.0263,  -0.3648,   0.0006, 0
A,  253, ASP,  0.4696,  -0.1177,   0.0318, 0
A,  254, LEU,  0.2012,  -0.2673,   0.0069, 0
A,  255, TYR,  0.2709,  -0.2285,   0.0116, 0
A,  256, ASP,  0.2222,  -0.2556,   0.0082, 0
A,  257, TYR,  0.2235,  -0.2549,   0.0083, 0
A,  258, ILE,  0.0537,  -0.3495,   0.0011, 0
A,  259, ASP,  0.0349,  -0.3600,   0.0007, 0
A,  260, LYS,  0.0378,  -0.3584,   0.0008, 0
A,  261, TYR,  0.0571,  -0.3476,   0.0012, 0
A,  262, ASN,  0.0414,  -0.3564,   0.0008, 0
A,  263, ILE,  0.0933,  -0.3275,   0.0021, 0
A,  264, GLU,  0.0917,  -0.3283,   0.0021, 0
A,  265, LEU,  0.0876,  -0.3306,   0.0020, 0
A,  266, ASP,  0.1850,  -0.2763,   0.0060, 0
A,  267, PRO,  0.0161,  -0.3705,   0.0004, 0
A,  268, ARG,  0.0800,  -0.3348,   0.0017, 0
A,  269, PHE,  0.1870,  -0.2752,   0.0061, 0
A,  270, ASN,  0.1691,  -0.2852,   0.0052, 0
A,  271, ASP,  0.0049,  -0.3767,   0.0003, 0
A,  272, ILE,  0.0418,  -0.3562,   0.0009, 0
A,  273, LEU,  0.1565,  -0.2922,   0.0046, 0
A,  274, GLY,  0.1633,  -0.2884,   0.0049, 0
A,  275, ARG,  0.1414,  -0.3006,   0.0039, 0
A,  276, HIS,  0.1057,  -0.3206,   0.0025, 0
A,  277, SER,  0.0675,  -0.3418,   0.0014, 0
A,  278, ARG,  0.3611,  -0.1782,   0.0195, 0
A,  279, LYS,  0.4281,  -0.1409,   0.0268, 0
A,  280, ARG,  0.1727,  -0.2832,   0.0054, 0
A,  281, TRP,  0.1825,  -0.2777,   0.0059, 0
A,  282, GLU,  0.0495,  -0.3519,   0.0010, 0
A,  283, ARG,  0.2633,  -0.2327,   0.0111, 0
A,  284, PHE,  1.0276,   0.1933,   0.1483, 0
A,  285, VAL,  0.0683,  -0.3414,   0.0014, 0
A,  286, HIS,  0.1458,  -0.2982,   0.0041, 0
A,  287, SER,  0.0090,  -0.3744,   0.0003, 0
A,  288, GLU,  0.0559,  -0.3483,   0.0011, 0
A,  289, ASN,  0.0439,  -0.3550,   0.0009, 0
A,  290, GLN,  0.0347,  -0.3601,   0.0007, 0
A,  291, HIS,  0.0583,  -0.3470,   0.0012, 0
A,  292, LEU,  0.1067,  -0.3200,   0.0026, 0
A,  293, VAL,  0.0380,  -0.3583,   0.0008, 0
A,  294, SER,  0.0278,  -0.3640,   0.0006, 0
A,  295, PRO,  0.0268,  -0.3645,   0.0006, 0
A,  296, GLU,  0.0198,  -0.3684,   0.0005, 0
A,  297, ALA,  0.0006,  -0.3791,   0.0002, 0
A,  298, LEU,  0.0498,  -0.3517,   0.0010, 0
A,  299, ASP,  0.0352,  -0.3599,   0.0007, 0
A,  300, PHE,  0.0008,  -0.3790,   0.0002, 0
A,  301, LEU,  0.0000,  -0.3795,   0.0002, 0
A,  302, ASP,  0.2723,  -0.2277,   0.0117, 0
A,  303, LYS,  0.0588,  -0.3467,   0.0012, 0
A,  304, LEU,  0.0002,  -0.3794,   0.0002, 0
A,  305, LEU,  0.2304,  -0.2510,   0.0088, 0
A,  306, ARG,  0.4588,  -0.1237,   0.0305, 0
A,  307, TYR,  0.3564,  -0.1808,   0.0191, 0
A,  308, ASP,  0.3260,  -0.1977,   0.0162, 0
A,  309, HIS,  0.1468,  -0.2976,   0.0042, 0
A,  310, GLN,  0.0793,  -0.3352,   0.0017, 0
A,  311, SER,  0.1693,  -0.2851,   0.0052, 0
A,  312, ARG,  0.2378,  -0.2469,   0.0093, 0
A,  313, LEU,  0.4405,  -0.1339,   0.0283, 0
A,  314, THR,  0.4777,  -0.1132,   0.0329, 0
A,  315, ALA,  0.3643,  -0.1764,   0.0198, 0
A,  316, ARG,  0.2848,  -0.2207,   0.0127, 0
A,  317, GLU,  0.0376,  -0.3585,   0.0008, 0
A,  318, ALA,  0.0098,  -0.3740,   0.0004, 0
A,  319, MET,  0.2045,  -0.2655,   0.0071, 0
A,  320, GLU,  0.0980,  -0.3248,   0.0023, 0
A,  321, HIS,  0.0831,  -0.3331,   0.0018, 0
A,  322, PRO,  0.0527,  -0.3501,   0.0011, 0
A,  323, TYR,  0.0073,  -0.3754,   0.0003, 0
A,  324, PHE,  0.1397,  -0.3016,   0.0039, 0
A,  325, TYR,  0.1608,  -0.2898,   0.0048, 0
A,  326, THR,  0.1228,  -0.3110,   0.0032, 0
A,  327, VAL,  0.2598,  -0.2347,   0.0108, 0
B,    2, SER,  0.0068,  -0.3757,   0.0003, 0
B,    3, GLY,  0.0173,  -0.3698,   0.0005, 0
B,    4, PRO,  0.1105,  -0.3179,   0.0027, 0
B,    5, VAL,  0.0564,  -0.3480,   0.0012, 0
B,    6, PRO,  0.0835,  -0.3329,   0.0018, 0
B,    7, SER,  0.0626,  -0.3446,   0.0013, 0
B,    8, ARG,  0.0727,  -0.3389,   0.0015, 0
B,    9, ALA,  0.2777,  -0.2247,   0.0122, 0
B,   10, ARG,  0.3120,  -0.2055,   0.0150, 9
B,   11, VAL,  0.4751,  -0.1146,   0.0326, 9
B,   12, TYR,  1.3491,   0.3726,   0.2390, 5
B,   13, THR,  0.0743,  -0.3380,   0.0016, 0
B,   14, ASP,  0.0905,  -0.3290,   0.0020, 0
B,   15, VAL,  0.3649,  -0.1761,   0.0199, 0
B,   16, ASN,  0.0903,  -0.3291,   0.0020, 0
B,   17, THR,  0.1212,  -0.3119,   0.0031, 0
B,   18, HIS,  0.4144,  -0.1485,   0.0252, 0
B,   19, ARG,  0.5318,  -0.0830,   0.0406, 0
B,   20, PRO,  0.0783,  -0.3358,   0.0017, 0
B,   21, ARG,  0.0268,  -0.3645,   0.0006, 0
B,   22, GLU,  0.6856,   0.0027,   0.0668, 0
B,   23, TYR,  0.1315,  -0.3062,   0.0035, 0
B,   24, TRP,  0.6431,  -0.0210,   0.0588, 11
B,   25, ASP,  0.2184,  -0.2577,   0.0080, 0
B,   26, TYR,  0.7265,   0.0255,   0.0752, 11
B,   27, GLU,  0.2215,  -0.2560,   0.0082, 11
B,   28, SER,  0.0396,  -0.3574,   0.0008, 0
B,   29, HIS,  0.9882,   0.1714,   0.1378, 0
B,   30, VAL,  0.3440,  -0.1877,   0.0179, 0
B,   31, VAL,  0.6825,   0.0010,   0.0662, 0
B,   32, GLU,  0.0736,  -0.3384,   0.0016, 0
B,   33, TRP,  1.3549,   0.3758,   0.2407, 0
B,   34, GLY,  0.0610,  -0.3454,   0.0013, 0
B,   35, ASN,  0.0802,  -0.3347,   0.0017, 0
B,   36, GLN,  0.1471,  -0.2975,   0.0042, 0
B,   37, ASP,  0.0310,  -0.3622,   0.0007, 0
B,   38, ASP,  0.0851,  -0.3320,   0.0019, 0
B,   39, TYR,  0.3632,  -0.1770,   0.0197, 0
B,   40, GLN,  0.0317,  -0.3618,   0.0007, 0
B,   41, LEU,  0.2045,  -0.2655,   0.0071, 0
B,   42, VAL,  0.0399,  -0.3572,   0.0008, 0
B,   43, ARG,  0.0605,  -0.3458,   0.0012, 0
B,   44, LYS,  0.0701,  -0.3404,   0.0015, 0
B,   45, LEU,  4.8004,   2.2963,   0.8106, 1
B,   46, GLY,  0.3277,  -0.1968,   0.0164, 1
B,   47, ARG,  0.2601,  -0.2345,   0.0108, 1
B,   48, GLY,  0.1925,  -0.2722,   0.0064, 1
B,   49, LYS,  0.6994,   0.0104,   0.0695, 3
B,   50, TYR,  1.0144,   0.1860,   0.1448, 3
B,   51, SER,  1.6117,   0.5189,   0.3135, 1
B,   52, GLU,  0.1707,  -0.2843,   0.0053, 0
B,   53, VAL,  6.4178,   3.1978,   0.8978, 1
B,   54, PHE,  0.5356,  -0.0809,   0.0412, 0
B,   55, GLU,  0.0499,  -0.3516,   0.0010, 0
B,   56, ALA,  0.0037,  -0.3774,   0.0003, 0
B,   57, ILE,  0.0170,  -0.3700,   0.0004, 0
B,   58, ASN,  0.3614,  -0.1780,   0.0196, 10
B,   59, ILE,  0.0102,  -0.3738,   0.0004, 0
B,   60, THR,  0.0913,  -0.3286,   0.0021, 0
B,   61, ASN,  0.4713,  -0.1168,   0.0321, 10
B,   62, ASN,  0.0215,  -0.3675,   0.0005, 0
B,   63, GLU,  0.5352,  -0.0811,   0.0411, 10
B,   64, LYS,  0.2546,  -0.2376,   0.0104, 10
B,   65, VAL,  0.4364,  -0.1362,   0.0278, 10
B,   66, VAL,  5.8713,   2.8932,   0.8744, 1
B,   67, VAL,  0.0951,  -0.3265,   0.0022, 0
B,   68, LYS,  2.6960,   1.1233,   0.5589, 1
B,   69, ILE,  0.2511,  -0.2395,   0.0102, 0
B,   70, LEU,  0.5667,  -0.0636,   0.0459, 3
B,   71, LYS,  0.1665,  -0.2867,   0.0051, 0
B,   72, PRO,  0.5276,  -0.0854,   0.0399, 0
B,   73, VAL,  0.3648,  -0.1761,   0.0199, 0
B,   74, LYS,  0.7358,   0.0307,   0.0771, 0
B,   75, LYS,  1.3855,   0.3928,   0.2495, 0
B,   76, LYS,  0.3403,  -0.1898,   0.0176, 0
B,   77, LYS,  1.6886,   0.5618,   0.3344, 3
B,   78, ILE,  1.0220,   0.1902,   0.1469, 3
B,   79, LYS,  0.4725,  -0.1161,   0.0322, 0
B,   80, ARG,  0.8443,   0.0911,   0.1015, 0
B,   81, GLU,  0.9546,   0.1526,   0.1290, 3
B,   82, ILE,  0.2516,  -0.2392,   0.0102, 0
B,   83, LYS,  0.7941,   0.0631,   0.0898, 0
B,   84, ILE,  0.0000,  -0.3795,   0.0002, 0
B,   85, LEU,  0.0410,  -0.3566,   0.0008, 0
B,   86, GLU,  0.6874,   0.0037,   0.0672, 0
B,   87, ASN,  0.6106,  -0.0391,   0.0531, 0
B,   88, LEU,  0.0144,  -0.3714,   0.0004, 0
B,   89, ARG,  1.0202,   0.1892,   0.1464, 6
B,   90, GLY,  0.9073,   0.1263,   0.1170, 6
B,   91, GLY,  0.4934,  -0.1044,   0.0350, 6
B,   92, PRO,  0.3440,  -0.1877,   0.0179, 5
B,   93, ASN,  0.5245,  -0.0871,   0.0395, 0
B,   94, ILE,  0.0698,  -0.3406,   0.0015, 6
B,   95, ILE,  0.9750,   0.1640,   0.1344, 1
B,   96, THR,  1.2018,   0.2904,   0.1968, 6
B,   97, LEU,  0.0725,  -0.3391,   0.0015, 0
B,   98, ALA,  0.5740,  -0.0595,   0.0471, 10
B,   99, ASP,  0.2753,  -0.2260,   0.0120, 10
B,  100, ILE,  0.0848,  -0.3322,   0.0019, 0
B,  101, VAL,  0.0539,  -0.3494,   0.0011, 0
B,  102, LYS,  1.1284,   0.2495,   0.1761, 0
B,  103, ASP,  0.1350,  -0.3042,   0.0037, 0
B,  104, PRO,  0.0259,  -0.3650,   0.0006, 0
B,  105, VAL,  0.0185,  -0.3691,   0.0005, 0
B,  106, SER,  0.1943,  -0.2712,   0.0065, 0
B,  107, ARG,  0.2191,  -0.2573,   0.0080, 0
B,  108, THR,  0.1673,  -0.2862,   0.0051, 0
B,  109, PRO,  0.7524,   0.0399,   0.0806, 0
B,  110, ALA,  0.0000,  -0.3795,   0.0002, 0
B,  111, LEU,  0.0000,  -0.3795,   0.0002, 0
B,  112, VAL,  0.2573,  -0.2360,   0.0106, 0
B,  113, PHE,  2.0184,   0.7456,   0.4178, 1
B,  114, GLU,  1.8927,   0.6755,   0.3873, 10
B,  115, HIS,  0.5748,  -0.0591,   0.0472, 1
B,  116, VAL,  1.3628,   0.3801,   0.2429, 1
B,  117, ASN,  0.1462,  -0.2980,   0.0042, 0
B,  118, ASN,  1.4160,   0.4098,   0.2585, 1
B,  119, THR,  0.1450,  -0.2986,   0.0041, 0
B,  120, ASP,  0.1075,  -0.3196,   0.0026, 0
B,  121, PHE,  0.5764,  -0.0582,   0.0475, 8
B,  122, LYS,  0.3383,  -0.1909,   0.0174, 8
B,  123, GLN,  0.0813,  -0.3342,   0.0018, 0
B,  124, LEU,  0.1509,  -0.2954,   0.0044, 0
B,  125, TYR,  0.7795,   0.0550,   0.0866, 0
B,  126, GLN,  0.2265,  -0.2532,   0.0085, 0
B,  127, THR,  0.1297,  -0.3072,   0.0034, 0
B,  128, LEU,  0.5635,  -0.0654,   0.0454, 0
B,  129, THR,  0.0483,  -0.3526,   0.0010, 0
B,  130, ASP,  0.0325,  -0.3613,   0.0007, 0
B,  131, TYR,  0.2963,  -0.2143,   0.0137, 0
B,  132, ASP,  0.3735,  -0.1713,   0.0208, 0
B,  133, ILE,  0.3477,  -0.1856,   0.0183, 0
B,  134, ARG,  0.1111,  -0.3175,   0.0027, 0
B,  135, PHE,  0.5622,  -0.0661,   0.0452, 0
B,  136, TYR,  0.5466,  -0.0748,   0.0428, 0
B,  137, MET,  0.5450,  -0.0757,   0.0425, 0
B,  138, TYR,  0.3293,  -0.1959,   0.0165, 0
B,  139, GLU,  0.6632,  -0.0098,   0.0625, 0
B,  140, ILE,  0.5450,  -0.0757,   0.0425, 0
B,  141, LEU,  0.0335,  -0.3608,   0.0007, 0
B,  142, LYS,  0.7804,   0.0555,   0.0868, 5
B,  143, ALA,  0.0002,  -0.3794,   0.0002, 0
B,  144, LEU,  0.0513,  -0.3508,   0.0010, 0
B,  145, ASP,  1.2898,   0.3395,   0.2220, 5
B,  146, TYR,  0.6243,  -0.0315,   0.0554, 5
B,  147, CYS,  0.0012,  -0.3788,   0.0002, 0
B,  148, HIS,  0.3149,  -0.2039,   0.0152, 9
B,  149, SER,  1.2373,   0.3102,   0.2069, 5
B,  150, MET,  0.0541,  -0.3493,   0.0011, 0
B,  151, GLY,  0.0000,  -0.3795,   0.0002, 0
B,  152, ILE,  0.0000,  -0.3795,   0.0002, 0
B,  153, MET,  0.0139,  -0.3717,   0.0004, 0
B,  154, HIS,  0.0000,  -0.3795,   0.0002, 0
B,  155, ARG,  0.4574,  -0.1245,   0.0303, 0
B,  156, ASP,  1.6301,   0.5291,   0.3184, 3
B,  157, VAL,  0.0000,  -0.3795,   0.0002, 0
B,  158, LYS,  1.5917,   0.5078,   0.3080, 3
B,  159, PRO,  0.3950,  -0.1593,   0.0230, 8
B,  160, HIS,  5.7772,   2.8408,   0.8696, 1
B,  161, ASN,  1.8949,   0.6768,   0.3878, 3
B,  162, VAL,  0.5676,  -0.0631,   0.0460, 0
B,  163, MET,  6.0406,   2.9876,   0.8822, 1
B,  164, ILE,  0.5602,  -0.0672,   0.0449, 0
B,  165, ASP,  0.1312,  -0.3063,   0.0035, 0
B,  166, HIS,  0.1142,  -0.3158,   0.0028, 0
B,  167, GLU,  0.0544,  -0.3491,   0.0011, 0
B,  168, HIS,  0.1704,  -0.2845,   0.0053, 0
B,  169, ARG,  0.5452,  -0.0756,   0.0426, 0
B,  170, LYS,  0.3333,  -0.1937,   0.0169, 0
B,  171, LEU,  0.7047,   0.0133,   0.0706, 0
B,  172, ARG,  0.5142,  -0.0928,   0.0379, 0
B,  173, LEU,  0.0102,  -0.3738,   0.0004, 0
B,  174, ILE,  6.5163,   3.2527,   0.9015, 1
B,  175, ASP,  4.0206,   1.8616,   0.7439, 1
B,  176, TRP,  0.5699,  -0.0618,   0.0464, 0
B,  177, GLY,  1.2658,   0.3261,   0.2151, 3
B,  178, LEU,  2.2546,   0.8772,   0.4712, 3
B,  179, ALA,  0.0570,  -0.3477,   0.0012, 0
B,  180, GLU,  0.7980,   0.0653,   0.0907, 11
B,  181, PHE,  0.2653,  -0.2316,   0.0112, 11
B,  182, TYR,  0.1623,  -0.2890,   0.0049, 0
B,  183, HIS,  0.6342,  -0.0259,   0.0572, 11
B,  184, PRO,  0.0755,  -0.3374,   0.0016, 0
B,  185, GLY,  0.0408,  -0.3567,   0.0008, 0
B,  186, GLN,  0.6449,  -0.0200,   0.0591, 11
B,  187, GLU,  0.1347,  -0.3044,   0.0036, 0
B,  188, TYR,  0.4314,  -0.1390,   0.0272, 0
B,  189, ASN,  0.3703,  -0.1731,   0.0204, 0
B,  190, VAL,  0.3374,  -0.1914,   0.0173, 0
B,  191, ARG,  0.5616,  -0.0664,   0.0451, 0
B,  192, VAL,  0.3495,  -0.1846,   0.0184, 0
B,  193, ALA,  0.2493,  -0.2405,   0.0101, 3
B,  194, SER,  1.4817,   0.4465,   0.2774, 3
B,  195, ARG,  0.5248,  -0.0869,   0.0395, 8
B,  196, TYR,  0.5338,  -0.0819,   0.0409, 8
B,  197, PHE,  0.2112,  -0.2617,   0.0075, 8
B,  198, LYS,  0.4272,  -0.1413,   0.0267, 0
B,  199, GLY,  0.0000,  -0.3795,   0.0002, 0
B,  200, PRO,  0.0000,  -0.3795,   0.0002, 0
B,  201, GLU,  0.0000,  -0.3795,   0.0002, 0
B,  202, LEU,  0.4066,  -0.1528,   0.0243, 0
B,  203, LEU,  0.4720,  -0.1164,   0.0322, 0
B,  204, VAL,  0.3318,  -0.1945,   0.0168, 0
B,  205, ASP,  0.3767,  -0.1695,   0.0211, 0
B,  206, TYR,  0.0977,  -0.3250,   0.0023, 0
B,  207, GLN,  0.1009,  -0.3232,   0.0024, 0
B,  208, MET,  0.0969,  -0.3255,   0.0022, 0
B,  209, TYR,  0.0523,  -0.3503,   0.0011, 0
B,  210, ASP,  0.2810,  -0.2229,   0.0124, 9
B,  211, TYR,  0.3134,  -0.2048,   0.0151, 9
B,  212, SER,  0.2810,  -0.2229,   0.0124, 9
B,  213, LEU,  0.1154,  -0.3151,   0.0029, 0
B,  214, ASP,  0.0000,  -0.3795,   0.0002, 0
B,  215, MET,  0.2854,  -0.2204,   0.0128, 9
B,  216, TRP,  0.0000,  -0.3795,   0.0002, 0
B,  217, SER,  0.0000,  -0.3795,   0.0002, 0
B,  218, LEU,  0.0000,  -0.3795,   0.0002, 0
B,  219, GLY,  0.0000,  -0.3795,   0.0002, 0
B,  220, CYS,  0.0000,  -0.3795,   0.0002, 0
B,  221, MET,  0.5450,  -0.0757,   0.0425, 0
B,  222, LEU,  0.0000,  -0.3795,   0.0002, 0
B,  223, ALA,  0.0000,  -0.3795,   0.0002, 0
B,  224, SER,  0.2210,  -0.2563,   0.0081, 0
B,  225, MET,  0.6964,   0.0087,   0.0689, 0
B,  226, ILE,  0.0210,  -0.3678,   0.0005, 0
B,  227, PHE,  0.0859,  -0.3316,   0.0019, 0
B,  228, ARG,  0.2581,  -0.2356,   0.0107, 0
B,  229, LYS,  1.5038,   0.4588,   0.2838, 0
B,  230, GLU,  0.4105,  -0.1507,   0.0247, 8
B,  231, PRO,  0.3983,  -0.1574,   0.0234, 0
B,  232, PHE,  1.1875,   0.2825,   0.1927, 0
B,  233, PHE,  0.7260,   0.0252,   0.0751, 0
B,  234, HIS,  0.8420,   0.0899,   0.1010, 0
B,  235, GLY,  0.3515,  -0.1836,   0.0186, 0
B,  236, HIS,  0.2720,  -0.2278,   0.0117, 0
B,  237, ASP,  0.1089,  -0.3188,   0.0026, 0
B,  238, ASN,  0.7526,   0.0400,   0.0807, 0
B,  239, TYR,  0.6560,  -0.0138,   0.0611, 0
B,  240, ASP,  0.0765,  -0.3368,   0.0016, 0
B,  241, GLN,  0.0000,  -0.3795,   0.0002, 0
B,  242, LEU,  0.0000,  -0.3795,   0.0002, 0
B,  243, VAL,  0.1248,  -0.3099,   0.0032, 0
B,  244, ARG,  1.0790,   0.2220,   0.1624, 0
B,  245, ILE,  0.2686,  -0.2298,   0.0114, 0
B,  246, ALA,  0.0000,  -0.3795,   0.0002, 0
B,  247, LYS,  0.8002,   0.0666,   0.0912, 0
B,  248, VAL,  0.9573,   0.1542,   0.1297, 0
B,  249, LEU,  0.4013,  -0.1557,   0.0237, 0
B,  250, GLY,  0.0033,  -0.3776,   0.0003, 0
B,  251, THR,  0.0402,  -0.3571,   0.0008, 0
B,  252, GLU,  0.0334,  -0.3609,   0.0007, 0
B,  253, ASP,  0.6785,  -0.0013,   0.0655, 0
B,  254, LEU,  0.3634,  -0.1769,   0.0197, 0
B,  255, TYR,  0.2247,  -0.2542,   0.0084, 0
B,  256, ASP,  0.3095,  -0.2069,   0.0148, 0
B,  257, TYR,  0.3374,  -0.1914,   0.0173, 0
B,  258, ILE,  0.0595,  -0.3463,   0.0012, 0
B,  259, ASP,  0.0339,  -0.3606,   0.0007, 0
B,  260, LYS,  0.0271,  -0.3643,   0.0006, 0
B,  261, TYR,  0.0445,  -0.3546,   0.0009, 0
B,  262, ASN,  0.0354,  -0.3597,   0.0007, 0
B,  263, ILE,  0.0657,  -0.3428,   0.0014, 0
B,  264, GLU,  0.0561,  -0.3482,   0.0011, 0
B,  265, LEU,  0.1038,  -0.3216,   0.0025, 0
B,  266, ASP,  0.2833,  -0.2216,   0.0126, 0
B,  267, PRO,  0.0122,  -0.3727,   0.0004, 0
B,  268, ARG,  0.0836,  -0.3328,   0.0018, 0
B,  269, PHE,  0.2899,  -0.2179,   0.0131, 0
B,  270, ASN,  0.1016,  -0.3228,   0.0024, 0
B,  271, ASP,  0.0245,  -0.3658,   0.0006, 0
B,  272, ILE,  0.1051,  -0.3209,   0.0025, 0
B,  273, LEU,  0.0764,  -0.3369,   0.0016, 0
B,  274, GLY,  0.0944,  -0.3268,   0.0022, 0
B,  275, ARG,  0.1545,  -0.2934,   0.0045, 0
B,  276, HIS,  0.1862,  -0.2757,   0.0061, 0
B,  277, SER,  0.0944,  -0.3268,   0.0022, 0
B,  278, ARG,  0.2819,  -0.2223,   0.0125, 0
B,  279, LYS,  0.2600,  -0.2345,   0.0108, 0
B,  280, ARG,  0.0249,  -0.3656,   0.0006, 0
B,  281, TRP,  0.1203,  -0.3124,   0.0031, 0
B,  282, GLU,  0.0327,  -0.3613,   0.0007, 0
B,  283, ARG,  0.3520,  -0.1833,   0.0187, 0
B,  284, PHE,  0.8045,   0.0689,   0.0922, 0
B,  285, VAL,  0.0174,  -0.3698,   0.0005, 0
B,  286, HIS,  0.1819,  -0.2781,   0.0059, 0
B,  287, SER,  0.0070,  -0.3756,   0.0003, 0
B,  288, GLU,  0.0560,  -0.3482,   0.0011, 0
B,  289, ASN,  0.0389,  -0.3578,   0.0008, 0
B,  290, GLN,  0.0225,  -0.3669,   0.0005, 0
B,  291, HIS,  0.0305,  -0.3624,   0.0007, 0
B,  292, LEU,  0.0257,  -0.3651,   0.0006, 0
B,  293, VAL,  0.0156,  -0.3708,   0.0004, 0
B,  294, SER,  0.0172,  -0.3698,   0.0005, 0
B,  295, PRO,  0.0199,  -0.3684,   0.0005, 0
B,  296, GLU,  0.0178,  -0.3695,   0.0005, 0
B,  297, ALA,  0.0002,  -0.3794,   0.0002, 0
B,  298, LEU,  0.0302,  -0.3627,   0.0006, 0
B,  299, ASP,  0.0519,  -0.3506,   0.0011, 0
B,  300, PHE,  0.0276,  -0.3641,   0.0006, 0
B,  301, LEU,  0.0000,  -0.3795,   0.0002, 0
B,  302, ASP,  0.2476,  -0.2415,   0.0099, 0
B,  303, LYS,  0.0507,  -0.3512,   0.0010, 0
B,  304, LEU,  0.0004,  -0.3793,   0.0002, 0
B,  305, LEU,  0.3431,  -0.1882,   0.0178, 0
B,  306, ARG,  0.6629,  -0.0099,   0.0624, 0
B,  307, TYR,  0.6099,  -0.0395,   0.0529, 0
B,  308, ASP,  0.5371,  -0.0801,   0.0414, 0
B,  309, HIS,  0.1917,  -0.2726,   0.0064, 0
B,  310, GLN,  0.0521,  -0.3504,   0.0011, 0
B,  311, SER,  0.3729,  -0.1716,   0.0207, 0
B,  312, ARG,  0.1862,  -0.2757,   0.0061, 9
B,  313, LEU,  0.2948,  -0.2151,   0.0136, 9
B,  314, THR,  0.3334,  -0.1936,   0.0169, 9
B,  315, ALA,  0.3098,  -0.2068,   0.0148, 9
B,  316, ARG,  0.8862,   0.1145,   0.1117, 5
B,  317, GLU,  0.0771,  -0.3365,   0.0017, 0
B,  318, ALA,  0.0282,  -0.3638,   0.0006, 0
B,  319, MET,  0.2953,  -0.2148,   0.0136, 5
B,  320, GLU,  0.0631,  -0.3443,   0.0013, 0
B,  321, HIS,  0.0694,  -0.3408,   0.0015, 0
B,  322, PRO,  0.0706,  -0.3401,   0.0015, 0
B,  323, TYR,  0.0097,  -0.3741,   0.0003, 0
B,  324, PHE,  0.1138,  -0.3160,   0.0028, 0
B,  325, TYR,  0.1511,  -0.2953,   0.0044, 0
B,  326, THR,  0.1099,  -0.3182,   0.0027, 0
B,  327, VAL,  0.3268,  -0.1973,   0.0163, 0
B,  328, VAL,  0.4429,  -0.1326,   0.0286, 0
